  0
SECTION
  2
HEADER
  9
$ACADVER
  1
AC1014
  9
$HANDSEED
  5
FFFF
  9
$INSUNITS
 70
     1
  9
$MEASUREMENT
 70
     1
  0
ENDSEC
  0
SECTION
  2
TABLES
  0
TABLE
  2
VPORT
  5
8
330
0
100
AcDbSymbolTable
 70
     4
  0
VPORT
  5
2E
330
8
100
AcDbSymbolTableRecord
100
AcDbViewportTableRecord
  2
*ACTIVE
 70
     0
 10
0.0
 20
0.0
 11
1.0
 21
1.0
 12
210.0
 22
148.5
 13
0.0
 23
0.0
 14
10.0
 24
10.0
 15
10.0
 25
10.0
 16
0.0
 26
0.0
 36
1.0
 17
0.0
 27
0.0
 37
0.0
 40
341.0
 41
1.24
 42
50.0
 43
0.0
 44
0.0
 50
0.0
 51
0.0
 71
     0
 72
   100
 73
     1
 74
     3
 75
     0
 76
     0
 77
     0
 78
     0
  0
ENDTAB
  0
TABLE
  2
LTYPE
  5
5
330
0
100
AcDbSymbolTable
 70
     1
  0
LTYPE
  5
14
330
5
100
AcDbSymbolTableRecord
100
AcDbLinetypeTableRecord
  2
BYBLOCK
 70
     0
  3

 72
    65
 73
     0
 40
0.0
  0
LTYPE
  5
15
330
5
100
AcDbSymbolTableRecord
100
AcDbLinetypeTableRecord
  2
BYLAYER
 70
     0
  3

 72
    65
 73
     0
 40
0.0
  0
LTYPE
  5
16
330
5
100
AcDbSymbolTableRecord
100
AcDbLinetypeTableRecord
  2
CONTINUOUS
 70
     0
  3
Solid line
 72
    65
 73
     0
 40
0.0
  0
ENDTAB
  0
TABLE
  2
LAYER
  5
2
100
AcDbSymbolTable
 70
2
  0
LAYER
  5
50
100
AcDbSymbolTableRecord
100
AcDbLayerTableRecord
  2
0
 70
0
  6
CONTINUOUS
  0
LAYER
  5
51
100
AcDbSymbolTableRecord
100
AcDbLayerTableRecord
  2
Page_1
 70
0
  6
CONTINUOUS
  0
ENDTAB
  0
TABLE
  2
STYLE
  5
3
330
0
100
AcDbSymbolTable
 70
     1
  0
STYLE
  5
11
330
3
100
AcDbSymbolTableRecord
100
AcDbTextStyleTableRecord
  2
STANDARD
 70
     0
 40
0.0
 41
1.0
 50
0.0
 71
     0
 42
2.5
  3
txt
  4

  0
ENDTAB
  0
TABLE
  2
VIEW
  5
6
330
0
100
AcDbSymbolTable
 70
     0
  0
ENDTAB
  0
TABLE
  2
UCS
  5
7
330
0
100
AcDbSymbolTable
 70
     0
  0
ENDTAB
  0
TABLE
  2
APPID
  5
9
330
0
100
AcDbSymbolTable
 70
     2
  0
APPID
  5
12
330
9
100
AcDbSymbolTableRecord
100
AcDbRegAppTableRecord
  2
ACAD
 70
     0
  0
ENDTAB
  0
TABLE
  2
DIMSTYLE
  5
A
330
0
100
AcDbSymbolTable
 70
     1
  0
DIMSTYLE
105
27
330
A
100
AcDbSymbolTableRecord
100
AcDbDimStyleTableRecord
  2
ISO-25
 70
     0
  3

  4

  5

  6

  7

 40
1.0
 41
2.5
 42
0.625
 43
3.75
 44
1.25
 45
0.0
 46
0.0
 47
0.0
 48
0.0
140
2.5
141
2.5
142
0.0
143
0.03937007874016
144
1.0
145
0.0
146
1.0
147
0.625
 71
     0
 72
     0
 73
     0
 74
     0
 75
     0
 76
     0
 77
     1
 78
     8
170
     0
171
     3
172
     1
173
     0
174
     0
175
     0
176
     0
177
     0
178
     0
270
     2
271
     2
272
     2
273
     2
274
     3
340
11
275
     0
280
     0
281
     0
282
     0
283
     0
284
     8
285
     0
286
     0
287
     3
288
     0
  0
ENDTAB
  0
TABLE
  2
BLOCK_RECORD
  5
1
330
0
100
AcDbSymbolTable
 70
     1
  0
BLOCK_RECORD
  5
1F
330
1
100
AcDbSymbolTableRecord
100
AcDbBlockTableRecord
  2
*MODEL_SPACE
  0
BLOCK_RECORD
  5
1B
330
1
100
AcDbSymbolTableRecord
100
AcDbBlockTableRecord
  2
*PAPER_SPACE
  0
ENDTAB
  0
ENDSEC
  0
SECTION
  2
BLOCKS
  0
BLOCK
  5
20
330
1F
100
AcDbEntity
  8
0
100
AcDbBlockBegin
  2
*MODEL_SPACE
 70
     0
 10
0.0
 20
0.0
 30
0.0
  3
*MODEL_SPACE
  1

  0
ENDBLK
  5
21
330
1F
100
AcDbEntity
  8
0
100
AcDbBlockEnd
  0
BLOCK
  5
1C
330
1B
100
AcDbEntity
 67
     1
  8
0
100
AcDbBlockBegin
  2
*PAPER_SPACE
  1

  0
ENDBLK
  5
1D
330
1B
100
AcDbEntity
 67
     1
  8
0
100
AcDbBlockEnd
  0
ENDSEC
  0
SECTION
  2
ENTITIES
  0
LWPOLYLINE
  5
100
100
AcDbEntity
  8
Page_1
 62
7
100
AcDbPolyline
 90
2
 70
0
 10
22.141145
 20
786.071368
 30
0.0
 10
598.139705
 20
786.071368
 30
0.0
  0
LWPOLYLINE
  5
101
100
AcDbEntity
  8
Page_1
 62
7
100
AcDbPolyline
 90
2
 70
0
 10
22.141145
 20
1146.070468
 30
0.0
 10
22.141145
 20
786.071368
 30
0.0
  0
LWPOLYLINE
  5
102
100
AcDbEntity
  8
Page_1
 62
7
100
AcDbPolyline
 90
2
 70
0
 10
598.139838
 20
1146.070468
 30
0.0
 10
22.141278
 20
1146.070468
 30
0.0
  0
SPLINE
  5
103
100
AcDbEntity
  8
Page_1
 62
7
100
AcDbSpline
 70
8
 71
3
 72
8
 73
4
 74
0
 40
0
 40
0
 40
0
 40
0
 40
1
 40
1
 40
1
 40
1
 10
59.154385
 20
834.071248
 30
0.0
 10
59.154385
 20
841.123231
 30
0.0
 10
53.438400
 20
846.839216
 30
0.0
 10
46.386417
 20
846.839216
 30
0.0
  0
SPLINE
  5
104
100
AcDbEntity
  8
Page_1
 62
7
100
AcDbSpline
 70
8
 71
3
 72
8
 73
4
 74
0
 40
0
 40
0
 40
0
 40
0
 40
1
 40
1
 40
1
 40
1
 10
46.386417
 20
846.839216
 30
0.0
 10
39.334435
 20
846.839216
 30
0.0
 10
33.618449
 20
841.123231
 30
0.0
 10
33.618449
 20
834.071248
 30
0.0
  0
SPLINE
  5
105
100
AcDbEntity
  8
Page_1
 62
7
100
AcDbSpline
 70
8
 71
3
 72
8
 73
4
 74
0
 40
0
 40
0
 40
0
 40
0
 40
1
 40
1
 40
1
 40
1
 10
33.618449
 20
834.071248
 30
0.0
 10
33.618449
 20
827.019266
 30
0.0
 10
39.334435
 20
821.303280
 30
0.0
 10
46.386417
 20
821.303280
 30
0.0
  0
SPLINE
  5
106
100
AcDbEntity
  8
Page_1
 62
7
100
AcDbSpline
 70
8
 71
3
 72
8
 73
4
 74
0
 40
0
 40
0
 40
0
 40
0
 40
1
 40
1
 40
1
 40
1
 10
46.386417
 20
821.303280
 30
0.0
 10
53.438400
 20
821.303280
 30
0.0
 10
59.154385
 20
827.019266
 30
0.0
 10
59.154385
 20
834.071248
 30
0.0
  0
LWPOLYLINE
  5
107
100
AcDbEntity
  8
Page_1
 62
7
100
AcDbPolyline
 90
2
 70
0
 10
598.139838
 20
786.071368
 30
0.0
 10
598.139838
 20
1146.070468
 30
0.0
  0
SPLINE
  5
108
100
AcDbEntity
  8
Page_1
 62
7
100
AcDbSpline
 70
8
 71
3
 72
8
 73
4
 74
0
 40
0
 40
0
 40
0
 40
0
 40
1
 40
1
 40
1
 40
1
 10
59.154385
 20
930.071008
 30
0.0
 10
59.154385
 20
937.122991
 30
0.0
 10
53.438400
 20
942.838976
 30
0.0
 10
46.386417
 20
942.838976
 30
0.0
  0
SPLINE
  5
109
100
AcDbEntity
  8
Page_1
 62
7
100
AcDbSpline
 70
8
 71
3
 72
8
 73
4
 74
0
 40
0
 40
0
 40
0
 40
0
 40
1
 40
1
 40
1
 40
1
 10
46.386417
 20
942.838976
 30
0.0
 10
39.334435
 20
942.838976
 30
0.0
 10
33.618449
 20
937.122991
 30
0.0
 10
33.618449
 20
930.071008
 30
0.0
  0
SPLINE
  5
10a
100
AcDbEntity
  8
Page_1
 62
7
100
AcDbSpline
 70
8
 71
3
 72
8
 73
4
 74
0
 40
0
 40
0
 40
0
 40
0
 40
1
 40
1
 40
1
 40
1
 10
33.618449
 20
930.071008
 30
0.0
 10
33.618449
 20
923.019026
 30
0.0
 10
39.334435
 20
917.303040
 30
0.0
 10
46.386417
 20
917.303040
 30
0.0
  0
SPLINE
  5
10b
100
AcDbEntity
  8
Page_1
 62
7
100
AcDbSpline
 70
8
 71
3
 72
8
 73
4
 74
0
 40
0
 40
0
 40
0
 40
0
 40
1
 40
1
 40
1
 40
1
 10
46.386417
 20
917.303040
 30
0.0
 10
53.438400
 20
917.303040
 30
0.0
 10
59.154385
 20
923.019026
 30
0.0
 10
59.154385
 20
930.071008
 30
0.0
  0
LWPOLYLINE
  5
10c
100
AcDbEntity
  8
Page_1
 62
7
100
AcDbPolyline
 90
1
 70
1
 10
59.154385
 20
834.071248
 30
0.0
  0
SPLINE
  5
10d
100
AcDbEntity
  8
Page_1
 62
7
100
AcDbSpline
 70
8
 71
3
 72
8
 73
4
 74
0
 40
0
 40
0
 40
0
 40
0
 40
1
 40
1
 40
1
 40
1
 10
59.154385
 20
1026.070768
 30
0.0
 10
59.154385
 20
1033.122751
 30
0.0
 10
53.438400
 20
1038.838736
 30
0.0
 10
46.386417
 20
1038.838736
 30
0.0
  0
SPLINE
  5
10e
100
AcDbEntity
  8
Page_1
 62
7
100
AcDbSpline
 70
8
 71
3
 72
8
 73
4
 74
0
 40
0
 40
0
 40
0
 40
0
 40
1
 40
1
 40
1
 40
1
 10
46.386417
 20
1038.838736
 30
0.0
 10
39.334435
 20
1038.838736
 30
0.0
 10
33.618449
 20
1033.122751
 30
0.0
 10
33.618449
 20
1026.070768
 30
0.0
  0
SPLINE
  5
10f
100
AcDbEntity
  8
Page_1
 62
7
100
AcDbSpline
 70
8
 71
3
 72
8
 73
4
 74
0
 40
0
 40
0
 40
0
 40
0
 40
1
 40
1
 40
1
 40
1
 10
33.618449
 20
1026.070768
 30
0.0
 10
33.618449
 20
1019.018786
 30
0.0
 10
39.334435
 20
1013.302800
 30
0.0
 10
46.386417
 20
1013.302800
 30
0.0
  0
SPLINE
  5
110
100
AcDbEntity
  8
Page_1
 62
7
100
AcDbSpline
 70
8
 71
3
 72
8
 73
4
 74
0
 40
0
 40
0
 40
0
 40
0
 40
1
 40
1
 40
1
 40
1
 10
46.386417
 20
1013.302800
 30
0.0
 10
53.438400
 20
1013.302800
 30
0.0
 10
59.154385
 20
1019.018786
 30
0.0
 10
59.154385
 20
1026.070768
 30
0.0
  0
LWPOLYLINE
  5
111
100
AcDbEntity
  8
Page_1
 62
7
100
AcDbPolyline
 90
1
 70
1
 10
59.154385
 20
930.071008
 30
0.0
  0
SPLINE
  5
112
100
AcDbEntity
  8
Page_1
 62
7
100
AcDbSpline
 70
8
 71
3
 72
8
 73
4
 74
0
 40
0
 40
0
 40
0
 40
0
 40
1
 40
1
 40
1
 40
1
 10
154.908946
 20
1122.070528
 30
0.0
 10
154.908946
 20
1129.122511
 30
0.0
 10
149.192960
 20
1134.838496
 30
0.0
 10
142.140978
 20
1134.838496
 30
0.0
  0
SPLINE
  5
113
100
AcDbEntity
  8
Page_1
 62
7
100
AcDbSpline
 70
8
 71
3
 72
8
 73
4
 74
0
 40
0
 40
0
 40
0
 40
0
 40
1
 40
1
 40
1
 40
1
 10
142.140978
 20
1134.838496
 30
0.0
 10
135.088996
 20
1134.838496
 30
0.0
 10
129.373010
 20
1129.122511
 30
0.0
 10
129.373010
 20
1122.070528
 30
0.0
  0
SPLINE
  5
114
100
AcDbEntity
  8
Page_1
 62
7
100
AcDbSpline
 70
8
 71
3
 72
8
 73
4
 74
0
 40
0
 40
0
 40
0
 40
0
 40
1
 40
1
 40
1
 40
1
 10
129.373010
 20
1122.070528
 30
0.0
 10
129.373010
 20
1115.018546
 30
0.0
 10
135.088996
 20
1109.302560
 30
0.0
 10
142.140978
 20
1109.302560
 30
0.0
  0
SPLINE
  5
115
100
AcDbEntity
  8
Page_1
 62
7
100
AcDbSpline
 70
8
 71
3
 72
8
 73
4
 74
0
 40
0
 40
0
 40
0
 40
0
 40
1
 40
1
 40
1
 40
1
 10
142.140978
 20
1109.302560
 30
0.0
 10
149.192960
 20
1109.302560
 30
0.0
 10
154.908946
 20
1115.018546
 30
0.0
 10
154.908946
 20
1122.070528
 30
0.0
  0
LWPOLYLINE
  5
116
100
AcDbEntity
  8
Page_1
 62
7
100
AcDbPolyline
 90
1
 70
1
 10
59.154385
 20
1026.070768
 30
0.0
  0
SPLINE
  5
117
100
AcDbEntity
  8
Page_1
 62
7
100
AcDbSpline
 70
8
 71
3
 72
8
 73
4
 74
0
 40
0
 40
0
 40
0
 40
0
 40
1
 40
1
 40
1
 40
1
 10
319.788534
 20
981.622879
 30
0.0
 10
319.788534
 20
986.950866
 30
0.0
 10
315.468545
 20
991.270855
 30
0.0
 10
310.140558
 20
991.270855
 30
0.0
  0
SPLINE
  5
118
100
AcDbEntity
  8
Page_1
 62
7
100
AcDbSpline
 70
8
 71
3
 72
8
 73
4
 74
0
 40
0
 40
0
 40
0
 40
0
 40
1
 40
1
 40
1
 40
1
 10
310.140558
 20
991.270855
 30
0.0
 10
304.812571
 20
991.270855
 30
0.0
 10
300.492582
 20
986.950866
 30
0.0
 10
300.492582
 20
981.622879
 30
0.0
  0
SPLINE
  5
119
100
AcDbEntity
  8
Page_1
 62
7
100
AcDbSpline
 70
8
 71
3
 72
8
 73
4
 74
0
 40
0
 40
0
 40
0
 40
0
 40
1
 40
1
 40
1
 40
1
 10
300.492582
 20
981.622879
 30
0.0
 10
300.492582
 20
976.294893
 30
0.0
 10
304.812571
 20
971.974903
 30
0.0
 10
310.140558
 20
971.974903
 30
0.0
  0
SPLINE
  5
11a
100
AcDbEntity
  8
Page_1
 62
7
100
AcDbSpline
 70
8
 71
3
 72
8
 73
4
 74
0
 40
0
 40
0
 40
0
 40
0
 40
1
 40
1
 40
1
 40
1
 10
310.140558
 20
971.974903
 30
0.0
 10
315.468545
 20
971.974903
 30
0.0
 10
319.788534
 20
976.294893
 30
0.0
 10
319.788534
 20
981.622879
 30
0.0
  0
LWPOLYLINE
  5
11b
100
AcDbEntity
  8
Page_1
 62
7
100
AcDbPolyline
 90
1
 70
1
 10
154.908946
 20
1122.070528
 30
0.0
  0
SPLINE
  5
11c
100
AcDbEntity
  8
Page_1
 62
7
100
AcDbSpline
 70
8
 71
3
 72
8
 73
4
 74
0
 40
0
 40
0
 40
0
 40
0
 40
1
 40
1
 40
1
 40
1
 10
487.788114
 20
933.622999
 30
0.0
 10
487.788114
 20
938.950986
 30
0.0
 10
483.468125
 20
943.270975
 30
0.0
 10
478.140138
 20
943.270975
 30
0.0
  0
SPLINE
  5
11d
100
AcDbEntity
  8
Page_1
 62
7
100
AcDbSpline
 70
8
 71
3
 72
8
 73
4
 74
0
 40
0
 40
0
 40
0
 40
0
 40
1
 40
1
 40
1
 40
1
 10
478.140138
 20
943.270975
 30
0.0
 10
472.812151
 20
943.270975
 30
0.0
 10
468.492162
 20
938.950986
 30
0.0
 10
468.492162
 20
933.622999
 30
0.0
  0
SPLINE
  5
11e
100
AcDbEntity
  8
Page_1
 62
7
100
AcDbSpline
 70
8
 71
3
 72
8
 73
4
 74
0
 40
0
 40
0
 40
0
 40
0
 40
1
 40
1
 40
1
 40
1
 10
468.492162
 20
933.622999
 30
0.0
 10
468.492162
 20
928.295013
 30
0.0
 10
472.812151
 20
923.975023
 30
0.0
 10
478.140138
 20
923.975023
 30
0.0
  0
SPLINE
  5
11f
100
AcDbEntity
  8
Page_1
 62
7
100
AcDbSpline
 70
8
 71
3
 72
8
 73
4
 74
0
 40
0
 40
0
 40
0
 40
0
 40
1
 40
1
 40
1
 40
1
 10
478.140138
 20
923.975023
 30
0.0
 10
483.468125
 20
923.975023
 30
0.0
 10
487.788114
 20
928.295013
 30
0.0
 10
487.788114
 20
933.622999
 30
0.0
  0
LWPOLYLINE
  5
120
100
AcDbEntity
  8
Page_1
 62
7
100
AcDbPolyline
 90
1
 70
1
 10
319.788534
 20
981.622879
 30
0.0
  0
SPLINE
  5
121
100
AcDbEntity
  8
Page_1
 62
7
100
AcDbSpline
 70
8
 71
3
 72
8
 73
4
 74
0
 40
0
 40
0
 40
0
 40
0
 40
1
 40
1
 40
1
 40
1
 10
151.788954
 20
933.622999
 30
0.0
 10
151.788954
 20
938.950986
 30
0.0
 10
147.468965
 20
943.270975
 30
0.0
 10
142.140978
 20
943.270975
 30
0.0
  0
SPLINE
  5
122
100
AcDbEntity
  8
Page_1
 62
7
100
AcDbSpline
 70
8
 71
3
 72
8
 73
4
 74
0
 40
0
 40
0
 40
0
 40
0
 40
1
 40
1
 40
1
 40
1
 10
142.140978
 20
943.270975
 30
0.0
 10
136.812991
 20
943.270975
 30
0.0
 10
132.493002
 20
938.950986
 30
0.0
 10
132.493002
 20
933.622999
 30
0.0
  0
SPLINE
  5
123
100
AcDbEntity
  8
Page_1
 62
7
100
AcDbSpline
 70
8
 71
3
 72
8
 73
4
 74
0
 40
0
 40
0
 40
0
 40
0
 40
1
 40
1
 40
1
 40
1
 10
132.493002
 20
933.622999
 30
0.0
 10
132.493002
 20
928.295013
 30
0.0
 10
136.812991
 20
923.975023
 30
0.0
 10
142.140978
 20
923.975023
 30
0.0
  0
SPLINE
  5
124
100
AcDbEntity
  8
Page_1
 62
7
100
AcDbSpline
 70
8
 71
3
 72
8
 73
4
 74
0
 40
0
 40
0
 40
0
 40
0
 40
1
 40
1
 40
1
 40
1
 10
142.140978
 20
923.975023
 30
0.0
 10
147.468965
 20
923.975023
 30
0.0
 10
151.788954
 20
928.295013
 30
0.0
 10
151.788954
 20
933.622999
 30
0.0
  0
LWPOLYLINE
  5
125
100
AcDbEntity
  8
Page_1
 62
7
100
AcDbPolyline
 90
1
 70
1
 10
487.788114
 20
933.622999
 30
0.0
  0
SPLINE
  5
126
100
AcDbEntity
  8
Page_1
 62
7
100
AcDbSpline
 70
8
 71
3
 72
8
 73
4
 74
0
 40
0
 40
0
 40
0
 40
0
 40
1
 40
1
 40
1
 40
1
 10
463.788174
 20
837.623239
 30
0.0
 10
463.788174
 20
842.951226
 30
0.0
 10
459.468185
 20
847.271215
 30
0.0
 10
454.140198
 20
847.271215
 30
0.0
  0
SPLINE
  5
127
100
AcDbEntity
  8
Page_1
 62
7
100
AcDbSpline
 70
8
 71
3
 72
8
 73
4
 74
0
 40
0
 40
0
 40
0
 40
0
 40
1
 40
1
 40
1
 40
1
 10
454.140198
 20
847.271215
 30
0.0
 10
448.812211
 20
847.271215
 30
0.0
 10
444.492222
 20
842.951226
 30
0.0
 10
444.492222
 20
837.623239
 30
0.0
  0
SPLINE
  5
128
100
AcDbEntity
  8
Page_1
 62
7
100
AcDbSpline
 70
8
 71
3
 72
8
 73
4
 74
0
 40
0
 40
0
 40
0
 40
0
 40
1
 40
1
 40
1
 40
1
 10
444.492222
 20
837.623239
 30
0.0
 10
444.492222
 20
832.295253
 30
0.0
 10
448.812211
 20
827.975263
 30
0.0
 10
454.140198
 20
827.975263
 30
0.0
  0
SPLINE
  5
129
100
AcDbEntity
  8
Page_1
 62
7
100
AcDbSpline
 70
8
 71
3
 72
8
 73
4
 74
0
 40
0
 40
0
 40
0
 40
0
 40
1
 40
1
 40
1
 40
1
 10
454.140198
 20
827.975263
 30
0.0
 10
459.468185
 20
827.975263
 30
0.0
 10
463.788174
 20
832.295253
 30
0.0
 10
463.788174
 20
837.623239
 30
0.0
  0
LWPOLYLINE
  5
12a
100
AcDbEntity
  8
Page_1
 62
7
100
AcDbPolyline
 90
1
 70
1
 10
151.788954
 20
933.622999
 30
0.0
  0
SPLINE
  5
12b
100
AcDbEntity
  8
Page_1
 62
7
100
AcDbSpline
 70
8
 71
3
 72
8
 73
4
 74
0
 40
0
 40
0
 40
0
 40
0
 40
1
 40
1
 40
1
 40
1
 10
175.788894
 20
837.623239
 30
0.0
 10
175.788894
 20
842.951226
 30
0.0
 10
171.468905
 20
847.271215
 30
0.0
 10
166.140918
 20
847.271215
 30
0.0
  0
SPLINE
  5
12c
100
AcDbEntity
  8
Page_1
 62
7
100
AcDbSpline
 70
8
 71
3
 72
8
 73
4
 74
0
 40
0
 40
0
 40
0
 40
0
 40
1
 40
1
 40
1
 40
1
 10
166.140918
 20
847.271215
 30
0.0
 10
160.812931
 20
847.271215
 30
0.0
 10
156.492942
 20
842.951226
 30
0.0
 10
156.492942
 20
837.623239
 30
0.0
  0
SPLINE
  5
12d
100
AcDbEntity
  8
Page_1
 62
7
100
AcDbSpline
 70
8
 71
3
 72
8
 73
4
 74
0
 40
0
 40
0
 40
0
 40
0
 40
1
 40
1
 40
1
 40
1
 10
156.492942
 20
837.623239
 30
0.0
 10
156.492942
 20
832.295253
 30
0.0
 10
160.812931
 20
827.975263
 30
0.0
 10
166.140918
 20
827.975263
 30
0.0
  0
SPLINE
  5
12e
100
AcDbEntity
  8
Page_1
 62
7
100
AcDbSpline
 70
8
 71
3
 72
8
 73
4
 74
0
 40
0
 40
0
 40
0
 40
0
 40
1
 40
1
 40
1
 40
1
 10
166.140918
 20
827.975263
 30
0.0
 10
171.468905
 20
827.975263
 30
0.0
 10
175.788894
 20
832.295253
 30
0.0
 10
175.788894
 20
837.623239
 30
0.0
  0
LWPOLYLINE
  5
12f
100
AcDbEntity
  8
Page_1
 62
7
100
AcDbPolyline
 90
1
 70
1
 10
463.788174
 20
837.623239
 30
0.0
  0
SPLINE
  5
130
100
AcDbEntity
  8
Page_1
 62
7
100
AcDbSpline
 70
8
 71
3
 72
8
 73
4
 74
0
 40
0
 40
0
 40
0
 40
0
 40
1
 40
1
 40
1
 40
1
 10
490.908106
 20
1122.070528
 30
0.0
 10
490.908106
 20
1129.122511
 30
0.0
 10
485.192120
 20
1134.838496
 30
0.0
 10
478.140138
 20
1134.838496
 30
0.0
  0
SPLINE
  5
131
100
AcDbEntity
  8
Page_1
 62
7
100
AcDbSpline
 70
8
 71
3
 72
8
 73
4
 74
0
 40
0
 40
0
 40
0
 40
0
 40
1
 40
1
 40
1
 40
1
 10
478.140138
 20
1134.838496
 30
0.0
 10
471.088156
 20
1134.838496
 30
0.0
 10
465.372170
 20
1129.122511
 30
0.0
 10
465.372170
 20
1122.070528
 30
0.0
  0
SPLINE
  5
132
100
AcDbEntity
  8
Page_1
 62
7
100
AcDbSpline
 70
8
 71
3
 72
8
 73
4
 74
0
 40
0
 40
0
 40
0
 40
0
 40
1
 40
1
 40
1
 40
1
 10
465.372170
 20
1122.070528
 30
0.0
 10
465.372170
 20
1115.018546
 30
0.0
 10
471.088156
 20
1109.302560
 30
0.0
 10
478.140138
 20
1109.302560
 30
0.0
  0
SPLINE
  5
133
100
AcDbEntity
  8
Page_1
 62
7
100
AcDbSpline
 70
8
 71
3
 72
8
 73
4
 74
0
 40
0
 40
0
 40
0
 40
0
 40
1
 40
1
 40
1
 40
1
 10
478.140138
 20
1109.302560
 30
0.0
 10
485.192120
 20
1109.302560
 30
0.0
 10
490.908106
 20
1115.018546
 30
0.0
 10
490.908106
 20
1122.070528
 30
0.0
  0
LWPOLYLINE
  5
134
100
AcDbEntity
  8
Page_1
 62
7
100
AcDbPolyline
 90
1
 70
1
 10
175.788894
 20
837.623239
 30
0.0
  0
SPLINE
  5
135
100
AcDbEntity
  8
Page_1
 62
7
100
AcDbSpline
 70
8
 71
3
 72
8
 73
4
 74
0
 40
0
 40
0
 40
0
 40
0
 40
1
 40
1
 40
1
 40
1
 10
586.662533
 20
1026.070768
 30
0.0
 10
586.662533
 20
1033.122751
 30
0.0
 10
580.946548
 20
1038.838736
 30
0.0
 10
573.894565
 20
1038.838736
 30
0.0
  0
SPLINE
  5
136
100
AcDbEntity
  8
Page_1
 62
7
100
AcDbSpline
 70
8
 71
3
 72
8
 73
4
 74
0
 40
0
 40
0
 40
0
 40
0
 40
1
 40
1
 40
1
 40
1
 10
573.894565
 20
1038.838736
 30
0.0
 10
566.842583
 20
1038.838736
 30
0.0
 10
561.126597
 20
1033.122751
 30
0.0
 10
561.126597
 20
1026.070768
 30
0.0
  0
SPLINE
  5
137
100
AcDbEntity
  8
Page_1
 62
7
100
AcDbSpline
 70
8
 71
3
 72
8
 73
4
 74
0
 40
0
 40
0
 40
0
 40
0
 40
1
 40
1
 40
1
 40
1
 10
561.126597
 20
1026.070768
 30
0.0
 10
561.126597
 20
1019.018786
 30
0.0
 10
566.842583
 20
1013.302800
 30
0.0
 10
573.894565
 20
1013.302800
 30
0.0
  0
SPLINE
  5
138
100
AcDbEntity
  8
Page_1
 62
7
100
AcDbSpline
 70
8
 71
3
 72
8
 73
4
 74
0
 40
0
 40
0
 40
0
 40
0
 40
1
 40
1
 40
1
 40
1
 10
573.894565
 20
1013.302800
 30
0.0
 10
580.946548
 20
1013.302800
 30
0.0
 10
586.662533
 20
1019.018786
 30
0.0
 10
586.662533
 20
1026.070768
 30
0.0
  0
LWPOLYLINE
  5
139
100
AcDbEntity
  8
Page_1
 62
7
100
AcDbPolyline
 90
1
 70
1
 10
490.908106
 20
1122.070528
 30
0.0
  0
SPLINE
  5
13a
100
AcDbEntity
  8
Page_1
 62
7
100
AcDbSpline
 70
8
 71
3
 72
8
 73
4
 74
0
 40
0
 40
0
 40
0
 40
0
 40
1
 40
1
 40
1
 40
1
 10
586.662533
 20
930.071008
 30
0.0
 10
586.662533
 20
937.122991
 30
0.0
 10
580.946548
 20
942.838976
 30
0.0
 10
573.894565
 20
942.838976
 30
0.0
  0
SPLINE
  5
13b
100
AcDbEntity
  8
Page_1
 62
7
100
AcDbSpline
 70
8
 71
3
 72
8
 73
4
 74
0
 40
0
 40
0
 40
0
 40
0
 40
1
 40
1
 40
1
 40
1
 10
573.894565
 20
942.838976
 30
0.0
 10
566.842583
 20
942.838976
 30
0.0
 10
561.126597
 20
937.122991
 30
0.0
 10
561.126597
 20
930.071008
 30
0.0
  0
SPLINE
  5
13c
100
AcDbEntity
  8
Page_1
 62
7
100
AcDbSpline
 70
8
 71
3
 72
8
 73
4
 74
0
 40
0
 40
0
 40
0
 40
0
 40
1
 40
1
 40
1
 40
1
 10
561.126597
 20
930.071008
 30
0.0
 10
561.126597
 20
923.019026
 30
0.0
 10
566.842583
 20
917.303040
 30
0.0
 10
573.894565
 20
917.303040
 30
0.0
  0
SPLINE
  5
13d
100
AcDbEntity
  8
Page_1
 62
7
100
AcDbSpline
 70
8
 71
3
 72
8
 73
4
 74
0
 40
0
 40
0
 40
0
 40
0
 40
1
 40
1
 40
1
 40
1
 10
573.894565
 20
917.303040
 30
0.0
 10
580.946548
 20
917.303040
 30
0.0
 10
586.662533
 20
923.019026
 30
0.0
 10
586.662533
 20
930.071008
 30
0.0
  0
LWPOLYLINE
  5
13e
100
AcDbEntity
  8
Page_1
 62
7
100
AcDbPolyline
 90
1
 70
1
 10
586.662533
 20
1026.070768
 30
0.0
  0
SPLINE
  5
13f
100
AcDbEntity
  8
Page_1
 62
7
100
AcDbSpline
 70
8
 71
3
 72
8
 73
4
 74
0
 40
0
 40
0
 40
0
 40
0
 40
1
 40
1
 40
1
 40
1
 10
586.662533
 20
834.071248
 30
0.0
 10
586.662533
 20
841.123231
 30
0.0
 10
580.946548
 20
846.839216
 30
0.0
 10
573.894565
 20
846.839216
 30
0.0
  0
SPLINE
  5
140
100
AcDbEntity
  8
Page_1
 62
7
100
AcDbSpline
 70
8
 71
3
 72
8
 73
4
 74
0
 40
0
 40
0
 40
0
 40
0
 40
1
 40
1
 40
1
 40
1
 10
573.894565
 20
846.839216
 30
0.0
 10
566.842583
 20
846.839216
 30
0.0
 10
561.126597
 20
841.123231
 30
0.0
 10
561.126597
 20
834.071248
 30
0.0
  0
SPLINE
  5
141
100
AcDbEntity
  8
Page_1
 62
7
100
AcDbSpline
 70
8
 71
3
 72
8
 73
4
 74
0
 40
0
 40
0
 40
0
 40
0
 40
1
 40
1
 40
1
 40
1
 10
561.126597
 20
834.071248
 30
0.0
 10
561.126597
 20
827.019266
 30
0.0
 10
566.842583
 20
821.303280
 30
0.0
 10
573.894565
 20
821.303280
 30
0.0
  0
SPLINE
  5
142
100
AcDbEntity
  8
Page_1
 62
7
100
AcDbSpline
 70
8
 71
3
 72
8
 73
4
 74
0
 40
0
 40
0
 40
0
 40
0
 40
1
 40
1
 40
1
 40
1
 10
573.894565
 20
821.303280
 30
0.0
 10
580.946548
 20
821.303280
 30
0.0
 10
586.662533
 20
827.019266
 30
0.0
 10
586.662533
 20
834.071248
 30
0.0
  0
LWPOLYLINE
  5
143
100
AcDbEntity
  8
Page_1
 62
7
100
AcDbPolyline
 90
1
 70
1
 10
586.662533
 20
930.071008
 30
0.0
  0
SPLINE
  5
144
100
AcDbEntity
  8
Page_1
 62
7
100
AcDbSpline
 70
8
 71
3
 72
8
 73
4
 74
0
 40
0
 40
0
 40
0
 40
0
 40
1
 40
1
 40
1
 40
1
 10
695.062262
 20
1136.119826
 30
0.0
 10
692.406269
 20
1138.554487
 30
0.0
 10
688.934278
 20
1139.905150
 30
0.0
 10
685.331620
 20
1139.905150
 30
0.0
  0
SPLINE
  5
145
100
AcDbEntity
  8
Page_1
 62
7
100
AcDbSpline
 70
8
 71
3
 72
8
 73
4
 74
0
 40
0
 40
0
 40
0
 40
0
 40
1
 40
1
 40
1
 40
1
 10
978.933553
 20
869.569826
 30
0.0
 10
978.933553
 20
873.605816
 30
0.0
 10
977.238890
 20
877.457806
 30
0.0
 10
974.264231
 20
880.184466
 30
0.0
  0
LWPOLYLINE
  5
146
100
AcDbEntity
  8
Page_1
 62
7
100
AcDbPolyline
 90
1
 70
1
 10
586.662533
 20
834.071248
 30
0.0
  0
LWPOLYLINE
  5
147
100
AcDbEntity
  8
Page_1
 62
7
100
AcDbPolyline
 90
2
 70
0
 10
685.331620
 20
1139.903817
 30
0.0
 10
642.933059
 20
1139.903817
 30
0.0
  0
LWPOLYLINE
  5
148
100
AcDbEntity
  8
Page_1
 62
7
100
AcDbPolyline
 90
2
 70
0
 10
974.262898
 20
880.185800
 30
0.0
 10
695.062262
 20
1136.119826
 30
0.0
  0
LWPOLYLINE
  5
149
100
AcDbEntity
  8
Page_1
 62
7
100
AcDbPolyline
 90
2
 70
0
 10
978.933553
 20
827.904597
 30
0.0
 10
978.933553
 20
869.569826
 30
0.0
  0
LWPOLYLINE
  5
14a
100
AcDbEntity
  8
Page_1
 62
7
100
AcDbPolyline
 90
2
 70
0
 10
642.934393
 20
827.904597
 30
0.0
 10
978.933553
 20
827.904597
 30
0.0
  0
SPLINE
  5
14b
100
AcDbEntity
  8
Page_1
 62
7
100
AcDbSpline
 70
8
 71
3
 72
8
 73
4
 74
0
 40
0
 40
0
 40
0
 40
0
 40
1
 40
1
 40
1
 40
1
 10
1089.046611
 20
832.349919
 30
0.0
 10
1091.702604
 20
829.915259
 30
0.0
 10
1095.174595
 20
828.564595
 30
0.0
 10
1098.777253
 20
828.564595
 30
0.0
  0
SPLINE
  5
14c
100
AcDbEntity
  8
Page_1
 62
7
100
AcDbSpline
 70
8
 71
3
 72
8
 73
4
 74
0
 40
0
 40
0
 40
0
 40
0
 40
1
 40
1
 40
1
 40
1
 10
805.176654
 20
1098.898586
 30
0.0
 10
805.176654
 20
1094.862596
 30
0.0
 10
806.871316
 20
1091.010606
 30
0.0
 10
809.845975
 20
1088.283946
 30
0.0
  0
LWPOLYLINE
  5
14d
100
AcDbEntity
  8
Page_1
 62
7
100
AcDbPolyline
 90
2
 70
0
 10
642.934393
 20
1139.903817
 30
0.0
 10
642.934393
 20
827.904597
 30
0.0
  0
LWPOLYLINE
  5
14e
100
AcDbEntity
  8
Page_1
 62
7
100
AcDbPolyline
 90
2
 70
0
 10
1098.777253
 20
828.564595
 30
0.0
 10
1141.175814
 20
828.564595
 30
0.0
  0
LWPOLYLINE
  5
14f
100
AcDbEntity
  8
Page_1
 62
7
100
AcDbPolyline
 90
2
 70
0
 10
809.845975
 20
1088.283946
 30
0.0
 10
1089.046611
 20
832.349919
 30
0.0
  0
LWPOLYLINE
  5
150
100
AcDbEntity
  8
Page_1
 62
7
100
AcDbPolyline
 90
2
 70
0
 10
805.176654
 20
1140.563815
 30
0.0
 10
805.176654
 20
1098.898586
 30
0.0
  0
LWPOLYLINE
  5
151
100
AcDbEntity
  8
Page_1
 62
7
100
AcDbPolyline
 90
2
 70
0
 10
1141.175814
 20
1140.563815
 30
0.0
 10
805.176654
 20
1140.563815
 30
0.0
  0
LWPOLYLINE
  5
152
100
AcDbEntity
  8
Page_1
 62
7
100
AcDbPolyline
 90
2
 70
0
 10
1141.175814
 20
828.564595
 30
0.0
 10
1141.175814
 20
1140.563815
 30
0.0
  0
SPLINE
  5
153
100
AcDbEntity
  8
Page_1
 62
7
100
AcDbSpline
 70
8
 71
3
 72
8
 73
4
 74
0
 40
0
 40
0
 40
0
 40
0
 40
1
 40
1
 40
1
 40
1
 10
473.674816
 20
338.021822
 30
0.0
 10
461.249514
 20
342.637810
 30
0.0
 10
447.434881
 20
336.305826
 30
0.0
 10
442.820226
 20
323.881857
 30
0.0
  0
LWPOLYLINE
  5
154
100
AcDbEntity
  8
Page_1
 62
7
100
AcDbPolyline
 90
2
 70
0
 10
435.384245
 20
303.864574
 30
0.0
 10
442.820226
 20
323.881857
 30
0.0
  0
SPLINE
  5
155
100
AcDbEntity
  8
Page_1
 62
7
100
AcDbSpline
 70
8
 71
3
 72
8
 73
4
 74
0
 40
0
 40
0
 40
0
 40
0
 40
1
 40
1
 40
1
 40
1
 10
532.664002
 20
296.005927
 30
0.0
 10
534.227998
 20
307.165899
 30
0.0
 10
527.817347
 20
317.909872
 30
0.0
 10
517.253374
 20
321.833862
 30
0.0
  0
SPLINE
  5
156
100
AcDbEntity
  8
Page_1
 62
7
100
AcDbSpline
 70
8
 71
3
 72
8
 73
4
 74
0
 40
0
 40
0
 40
0
 40
0
 40
1
 40
1
 40
1
 40
1
 10
532.664002
 20
296.005927
 30
0.0
 10
528.042680
 20
263.026009
 30
0.0
 10
546.643967
 20
231.179422
 30
0.0
 10
577.639889
 20
219.002119
 30
0.0
  0
SPLINE
  5
157
100
AcDbEntity
  8
Page_1
 62
7
100
AcDbSpline
 70
8
 71
3
 72
8
 73
4
 74
0
 40
0
 40
0
 40
0
 40
0
 40
1
 40
1
 40
1
 40
1
 10
577.639889
 20
219.003452
 30
0.0
 10
588.450529
 20
214.756796
 30
0.0
 10
599.951833
 20
212.538135
 30
0.0
 10
611.566471
 20
212.462136
 30
0.0
  0
LWPOLYLINE
  5
158
100
AcDbEntity
  8
Page_1
 62
7
100
AcDbPolyline
 90
2
 70
0
 10
473.674816
 20
338.021822
 30
0.0
 10
517.253374
 20
321.833862
 30
0.0
  0
LWPOLYLINE
  5
159
100
AcDbEntity
  8
Page_1
 62
7
100
AcDbPolyline
 90
2
 70
0
 10
932.715002
 20
210.339474
 30
0.0
 10
611.567804
 20
212.460802
 30
0.0
  0
LWPOLYLINE
  5
15a
100
AcDbEntity
  8
Page_1
 62
7
100
AcDbPolyline
 90
2
 70
0
 10
931.447005
 20
18.344754
 30
0.0
 10
932.715002
 20
210.340274
 30
0.0
  0
SPLINE
  5
15b
100
AcDbEntity
  8
Page_1
 62
7
100
AcDbSpline
 70
8
 71
3
 72
8
 73
4
 74
0
 40
0
 40
0
 40
0
 40
0
 40
1
 40
1
 40
1
 40
1
 10
405.536319
 20
133.790332
 30
0.0
 10
404.610988
 20
128.519679
 30
0.0
 10
404.128323
 20
123.181025
 30
0.0
 10
404.093656
 20
117.830372
 30
0.0
  0
SPLINE
  5
15c
100
AcDbEntity
  8
Page_1
 62
7
100
AcDbSpline
 70
8
 71
3
 72
8
 73
4
 74
0
 40
0
 40
0
 40
0
 40
0
 40
1
 40
1
 40
1
 40
1
 10
404.093656
 20
117.830372
 30
0.0
 10
403.742991
 20
64.811838
 30
0.0
 10
446.438884
 20
21.547946
 30
0.0
 10
499.457418
 20
21.198614
 30
0.0
  0
LWPOLYLINE
  5
15d
100
AcDbEntity
  8
Page_1
 62
7
100
AcDbPolyline
 90
2
 70
0
 10
499.457418
 20
21.198080
 30
0.0
 10
931.447005
 20
18.344754
 30
0.0
  0
SPLINE
  5
15e
100
AcDbEntity
  8
Page_1
 62
7
100
AcDbSpline
 70
8
 71
3
 72
8
 73
4
 74
0
 40
0
 40
0
 40
0
 40
0
 40
1
 40
1
 40
1
 40
1
 10
921.324363
 20
186.414201
 30
0.0
 10
921.371030
 20
193.466183
 30
0.0
 10
915.692377
 20
199.219502
 30
0.0
 10
908.640395
 20
199.266168
 30
0.0
  0
SPLINE
  5
15f
100
AcDbEntity
  8
Page_1
 62
7
100
AcDbSpline
 70
8
 71
3
 72
8
 73
4
 74
0
 40
0
 40
0
 40
0
 40
0
 40
1
 40
1
 40
1
 40
1
 10
908.640395
 20
199.266168
 30
0.0
 10
901.589746
 20
199.312835
 30
0.0
 10
895.835094
 20
193.634183
 30
0.0
 10
895.788427
 20
186.582200
 30
0.0
  0
SPLINE
  5
160
100
AcDbEntity
  8
Page_1
 62
7
100
AcDbSpline
 70
8
 71
3
 72
8
 73
4
 74
0
 40
0
 40
0
 40
0
 40
0
 40
1
 40
1
 40
1
 40
1
 10
895.788427
 20
186.582200
 30
0.0
 10
895.741761
 20
179.531551
 30
0.0
 10
901.420413
 20
173.776899
 30
0.0
 10
908.472395
 20
173.730232
 30
0.0
  0
SPLINE
  5
161
100
AcDbEntity
  8
Page_1
 62
7
100
AcDbSpline
 70
8
 71
3
 72
8
 73
4
 74
0
 40
0
 40
0
 40
0
 40
0
 40
1
 40
1
 40
1
 40
1
 10
908.472395
 20
173.730232
 30
0.0
 10
915.524378
 20
173.684899
 30
0.0
 10
921.277697
 20
179.362218
 30
0.0
 10
921.324363
 20
186.414201
 30
0.0
  0
LWPOLYLINE
  5
162
100
AcDbEntity
  8
Page_1
 62
7
100
AcDbPolyline
 90
2
 70
0
 10
435.384245
 20
303.864574
 30
0.0
 10
405.536319
 20
133.790332
 30
0.0
  0
SPLINE
  5
163
100
AcDbEntity
  8
Page_1
 62
7
100
AcDbSpline
 70
8
 71
3
 72
8
 73
4
 74
0
 40
0
 40
0
 40
0
 40
0
 40
1
 40
1
 40
1
 40
1
 10
920.373699
 20
42.418294
 30
0.0
 10
920.420366
 20
49.470276
 30
0.0
 10
914.741713
 20
55.223595
 30
0.0
 10
907.689731
 20
55.270262
 30
0.0
  0
SPLINE
  5
164
100
AcDbEntity
  8
Page_1
 62
7
100
AcDbSpline
 70
8
 71
3
 72
8
 73
4
 74
0
 40
0
 40
0
 40
0
 40
0
 40
1
 40
1
 40
1
 40
1
 10
907.689731
 20
55.270262
 30
0.0
 10
900.639082
 20
55.316928
 30
0.0
 10
894.884429
 20
49.638276
 30
0.0
 10
894.837763
 20
42.586294
 30
0.0
  0
SPLINE
  5
165
100
AcDbEntity
  8
Page_1
 62
7
100
AcDbSpline
 70
8
 71
3
 72
8
 73
4
 74
0
 40
0
 40
0
 40
0
 40
0
 40
1
 40
1
 40
1
 40
1
 10
894.837763
 20
42.586294
 30
0.0
 10
894.791096
 20
35.535644
 30
0.0
 10
900.469749
 20
29.780992
 30
0.0
 10
907.521731
 20
29.734326
 30
0.0
  0
SPLINE
  5
166
100
AcDbEntity
  8
Page_1
 62
7
100
AcDbSpline
 70
8
 71
3
 72
8
 73
4
 74
0
 40
0
 40
0
 40
0
 40
0
 40
1
 40
1
 40
1
 40
1
 10
907.521731
 20
29.734326
 30
0.0
 10
914.573714
 20
29.688992
 30
0.0
 10
920.327033
 20
35.366312
 30
0.0
 10
920.373699
 20
42.418294
 30
0.0
  0
LWPOLYLINE
  5
167
100
AcDbEntity
  8
Page_1
 62
7
100
AcDbPolyline
 90
1
 70
1
 10
921.324363
 20
186.414201
 30
0.0
  0
SPLINE
  5
168
100
AcDbEntity
  8
Page_1
 62
7
100
AcDbSpline
 70
8
 71
3
 72
8
 73
4
 74
0
 40
0
 40
0
 40
0
 40
0
 40
1
 40
1
 40
1
 40
1
 10
872.849818
 20
114.733580
 30
0.0
 10
872.896484
 20
121.785562
 30
0.0
 10
867.217832
 20
127.538881
 30
0.0
 10
860.165850
 20
127.585548
 30
0.0
  0
SPLINE
  5
169
100
AcDbEntity
  8
Page_1
 62
7
100
AcDbSpline
 70
8
 71
3
 72
8
 73
4
 74
0
 40
0
 40
0
 40
0
 40
0
 40
1
 40
1
 40
1
 40
1
 10
860.165850
 20
127.585548
 30
0.0
 10
853.115201
 20
127.632214
 30
0.0
 10
847.360548
 20
121.953562
 30
0.0
 10
847.313882
 20
114.901579
 30
0.0
  0
SPLINE
  5
16a
100
AcDbEntity
  8
Page_1
 62
7
100
AcDbSpline
 70
8
 71
3
 72
8
 73
4
 74
0
 40
0
 40
0
 40
0
 40
0
 40
1
 40
1
 40
1
 40
1
 10
847.313882
 20
114.901579
 30
0.0
 10
847.267215
 20
107.850930
 30
0.0
 10
852.945868
 20
102.096278
 30
0.0
 10
859.997850
 20
102.049612
 30
0.0
  0
SPLINE
  5
16b
100
AcDbEntity
  8
Page_1
 62
7
100
AcDbSpline
 70
8
 71
3
 72
8
 73
4
 74
0
 40
0
 40
0
 40
0
 40
0
 40
1
 40
1
 40
1
 40
1
 10
859.997850
 20
102.049612
 30
0.0
 10
867.049832
 20
102.004278
 30
0.0
 10
872.803151
 20
107.681597
 30
0.0
 10
872.849818
 20
114.733580
 30
0.0
  0
LWPOLYLINE
  5
16c
100
AcDbEntity
  8
Page_1
 62
7
100
AcDbPolyline
 90
1
 70
1
 10
920.373699
 20
42.418294
 30
0.0
  0
SPLINE
  5
16d
100
AcDbEntity
  8
Page_1
 62
7
100
AcDbSpline
 70
8
 71
3
 72
8
 73
4
 74
0
 40
0
 40
0
 40
0
 40
0
 40
1
 40
1
 40
1
 40
1
 10
554.089281
 20
116.839041
 30
0.0
 10
554.286614
 20
146.661633
 30
0.0
 10
530.269341
 20
170.997573
 30
0.0
 10
500.446749
 20
171.194905
 30
0.0
  0
SPLINE
  5
16e
100
AcDbEntity
  8
Page_1
 62
7
100
AcDbSpline
 70
8
 71
3
 72
8
 73
4
 74
0
 40
0
 40
0
 40
0
 40
0
 40
1
 40
1
 40
1
 40
1
 10
500.446749
 20
171.194905
 30
0.0
 10
470.624157
 20
171.390905
 30
0.0
 10
446.289551
 20
147.374965
 30
0.0
 10
446.092218
 20
117.552373
 30
0.0
  0
SPLINE
  5
16f
100
AcDbEntity
  8
Page_1
 62
7
100
AcDbSpline
 70
8
 71
3
 72
8
 73
4
 74
0
 40
0
 40
0
 40
0
 40
0
 40
1
 40
1
 40
1
 40
1
 10
446.092218
 20
117.552373
 30
0.0
 10
445.894885
 20
87.729781
 30
0.0
 10
469.910825
 20
63.393842
 30
0.0
 10
499.733417
 20
63.196509
 30
0.0
  0
SPLINE
  5
170
100
AcDbEntity
  8
Page_1
 62
7
100
AcDbSpline
 70
8
 71
3
 72
8
 73
4
 74
0
 40
0
 40
0
 40
0
 40
0
 40
1
 40
1
 40
1
 40
1
 10
499.733417
 20
63.196509
 30
0.0
 10
529.556009
 20
63.000509
 30
0.0
 10
553.891949
 20
87.016449
 30
0.0
 10
554.089281
 20
116.839041
 30
0.0
  0
LWPOLYLINE
  5
171
100
AcDbEntity
  8
Page_1
 62
7
100
AcDbPolyline
 90
1
 70
1
 10
872.849818
 20
114.733580
 30
0.0
  0
SPLINE
  5
172
100
AcDbEntity
  8
Page_1
 62
7
100
AcDbSpline
 70
8
 71
3
 72
8
 73
4
 74
0
 40
0
 40
0
 40
0
 40
0
 40
1
 40
1
 40
1
 40
1
 10
37.469373
 20
381.007047
 30
0.0
 10
37.469373
 20
378.397721
 30
0.0
 10
39.584034
 20
376.283059
 30
0.0
 10
42.193361
 20
376.283059
 30
0.0
  0
SPLINE
  5
173
100
AcDbEntity
  8
Page_1
 62
7
100
AcDbSpline
 70
8
 71
3
 72
8
 73
4
 74
0
 40
0
 40
0
 40
0
 40
0
 40
1
 40
1
 40
1
 40
1
 10
42.193361
 20
376.283059
 30
0.0
 10
44.802688
 20
376.283059
 30
0.0
 10
46.918683
 20
378.397721
 30
0.0
 10
46.918683
 20
381.007047
 30
0.0
  0
SPLINE
  5
174
100
AcDbEntity
  8
Page_1
 62
7
100
AcDbSpline
 70
8
 71
3
 72
8
 73
4
 74
0
 40
0
 40
0
 40
0
 40
0
 40
1
 40
1
 40
1
 40
1
 10
46.918683
 20
381.007047
 30
0.0
 10
46.918683
 20
383.616374
 30
0.0
 10
44.802688
 20
385.731036
 30
0.0
 10
42.193361
 20
385.731036
 30
0.0
  0
SPLINE
  5
175
100
AcDbEntity
  8
Page_1
 62
7
100
AcDbSpline
 70
8
 71
3
 72
8
 73
4
 74
0
 40
0
 40
0
 40
0
 40
0
 40
1
 40
1
 40
1
 40
1
 10
42.193361
 20
385.731036
 30
0.0
 10
39.584034
 20
385.731036
 30
0.0
 10
37.469373
 20
383.616374
 30
0.0
 10
37.469373
 20
381.007047
 30
0.0
  0
LWPOLYLINE
  5
176
100
AcDbEntity
  8
Page_1
 62
7
100
AcDbPolyline
 90
1
 70
1
 10
554.089281
 20
116.839041
 30
0.0
  0
SPLINE
  5
177
100
AcDbEntity
  8
Page_1
 62
7
100
AcDbSpline
 70
8
 71
3
 72
8
 73
4
 74
0
 40
0
 40
0
 40
0
 40
0
 40
1
 40
1
 40
1
 40
1
 10
194.746180
 20
270.880656
 30
0.0
 10
194.746180
 20
268.271329
 30
0.0
 10
196.860841
 20
266.156668
 30
0.0
 10
199.470168
 20
266.156668
 30
0.0
  0
SPLINE
  5
178
100
AcDbEntity
  8
Page_1
 62
7
100
AcDbSpline
 70
8
 71
3
 72
8
 73
4
 74
0
 40
0
 40
0
 40
0
 40
0
 40
1
 40
1
 40
1
 40
1
 10
199.470168
 20
266.156668
 30
0.0
 10
202.079495
 20
266.156668
 30
0.0
 10
204.195490
 20
268.271329
 30
0.0
 10
204.195490
 20
270.880656
 30
0.0
  0
SPLINE
  5
179
100
AcDbEntity
  8
Page_1
 62
7
100
AcDbSpline
 70
8
 71
3
 72
8
 73
4
 74
0
 40
0
 40
0
 40
0
 40
0
 40
1
 40
1
 40
1
 40
1
 10
204.195490
 20
270.880656
 30
0.0
 10
204.195490
 20
273.489983
 30
0.0
 10
202.079495
 20
275.604644
 30
0.0
 10
199.470168
 20
275.604644
 30
0.0
  0
SPLINE
  5
17a
100
AcDbEntity
  8
Page_1
 62
7
100
AcDbSpline
 70
8
 71
3
 72
8
 73
4
 74
0
 40
0
 40
0
 40
0
 40
0
 40
1
 40
1
 40
1
 40
1
 10
199.470168
 20
275.604644
 30
0.0
 10
196.860841
 20
275.604644
 30
0.0
 10
194.746180
 20
273.489983
 30
0.0
 10
194.746180
 20
270.880656
 30
0.0
  0
LWPOLYLINE
  5
17b
100
AcDbEntity
  8
Page_1
 62
7
100
AcDbPolyline
 90
1
 70
1
 10
37.469373
 20
381.007047
 30
0.0
  0
LWPOLYLINE
  5
17c
100
AcDbEntity
  8
Page_1
 62
7
100
AcDbPolyline
 90
1
 70
1
 10
194.746180
 20
270.880656
 30
0.0
  0
SPLINE
  5
17d
100
AcDbEntity
  8
Page_1
 62
7
100
AcDbSpline
 70
8
 71
3
 72
8
 73
4
 74
0
 40
0
 40
0
 40
0
 40
0
 40
1
 40
1
 40
1
 40
1
 10
222.359444
 20
229.944758
 30
0.0
 10
223.759441
 20
229.944758
 30
0.0
 10
225.148770
 20
230.190091
 30
0.0
 10
226.463434
 20
230.668757
 30
0.0
  0
LWPOLYLINE
  5
17e
100
AcDbEntity
  8
Page_1
 62
7
100
AcDbPolyline
 90
2
 70
0
 10
120.832231
 20
229.944758
 30
0.0
 10
222.358644
 20
229.944758
 30
0.0
  0
SPLINE
  5
17f
100
AcDbEntity
  8
Page_1
 62
7
100
AcDbSpline
 70
8
 71
3
 72
8
 73
4
 74
0
 40
0
 40
0
 40
0
 40
0
 40
1
 40
1
 40
1
 40
1
 10
338.411154
 20
271.413988
 30
0.0
 10
344.639138
 20
273.680649
 30
0.0
 10
347.849797
 20
280.567299
 30
0.0
 10
345.583136
 20
286.793950
 30
0.0
  0
LWPOLYLINE
  5
180
100
AcDbEntity
  8
Page_1
 62
7
100
AcDbPolyline
 90
2
 70
0
 10
338.411154
 20
271.413988
 30
0.0
 10
226.463434
 20
230.668757
 30
0.0
  0
SPLINE
  5
181
100
AcDbEntity
  8
Page_1
 62
7
100
AcDbSpline
 70
8
 71
3
 72
8
 73
4
 74
0
 40
0
 40
0
 40
0
 40
0
 40
1
 40
1
 40
1
 40
1
 10
321.321863
 20
353.455116
 30
0.0
 10
319.219202
 20
359.231102
 30
0.0
 10
313.092551
 20
362.484427
 30
0.0
 10
307.129899
 20
360.991098
 30
0.0
  0
SPLINE
  5
182
100
AcDbEntity
  8
Page_1
 62
7
100
AcDbSpline
 70
8
 71
3
 72
8
 73
4
 74
0
 40
0
 40
0
 40
0
 40
0
 40
1
 40
1
 40
1
 40
1
 10
220.206116
 20
411.765637
 30
0.0
 10
230.568757
 20
374.032398
 30
0.0
 10
269.171327
 20
351.483121
 30
0.0
 10
307.129899
 20
360.991098
 30
0.0
  0
SPLINE
  5
183
100
AcDbEntity
  8
Page_1
 62
7
100
AcDbSpline
 70
8
 71
3
 72
8
 73
4
 74
0
 40
0
 40
0
 40
0
 40
0
 40
1
 40
1
 40
1
 40
1
 10
216.831458
 20
436.788241
 30
0.0
 10
216.831458
 20
428.333596
 30
0.0
 10
217.966122
 20
419.917617
 30
0.0
 10
220.204783
 20
411.765637
 30
0.0
  0
LWPOLYLINE
  5
184
100
AcDbEntity
  8
Page_1
 62
7
100
AcDbPolyline
 90
2
 70
0
 10
321.321863
 20
353.455116
 30
0.0
 10
345.584469
 20
286.793950
 30
0.0
  0
LWPOLYLINE
  5
185
100
AcDbEntity
  8
Page_1
 62
7
100
AcDbPolyline
 90
2
 70
0
 10
216.831458
 20
436.788241
 30
0.0
 10
216.831458
 20
757.942105
 30
0.0
  0
LWPOLYLINE
  5
186
100
AcDbEntity
  8
Page_1
 62
7
100
AcDbPolyline
 90
2
 70
0
 10
216.831458
 20
757.943438
 30
0.0
 10
24.831938
 20
757.943438
 30
0.0
  0
SPLINE
  5
187
100
AcDbEntity
  8
Page_1
 62
7
100
AcDbSpline
 70
8
 71
3
 72
8
 73
4
 74
0
 40
0
 40
0
 40
0
 40
0
 40
1
 40
1
 40
1
 40
1
 10
24.832338
 20
325.944518
 30
0.0
 10
24.832338
 20
272.925984
 30
0.0
 10
67.813564
 20
229.944758
 30
0.0
 10
120.832098
 20
229.944758
 30
0.0
  0
SPLINE
  5
188
100
AcDbEntity
  8
Page_1
 62
7
100
AcDbSpline
 70
8
 71
3
 72
8
 73
4
 74
0
 40
0
 40
0
 40
0
 40
0
 40
1
 40
1
 40
1
 40
1
 10
180.063550
 20
733.943498
 30
0.0
 10
180.063550
 20
726.891516
 30
0.0
 10
185.779536
 20
721.175530
 30
0.0
 10
192.831518
 20
721.175530
 30
0.0
  0
SPLINE
  5
189
100
AcDbEntity
  8
Page_1
 62
7
100
AcDbSpline
 70
8
 71
3
 72
8
 73
4
 74
0
 40
0
 40
0
 40
0
 40
0
 40
1
 40
1
 40
1
 40
1
 10
192.831518
 20
721.175530
 30
0.0
 10
199.883500
 20
721.175530
 30
0.0
 10
205.599486
 20
726.891516
 30
0.0
 10
205.599486
 20
733.943498
 30
0.0
  0
SPLINE
  5
18a
100
AcDbEntity
  8
Page_1
 62
7
100
AcDbSpline
 70
8
 71
3
 72
8
 73
4
 74
0
 40
0
 40
0
 40
0
 40
0
 40
1
 40
1
 40
1
 40
1
 10
205.599486
 20
733.943498
 30
0.0
 10
205.599486
 20
740.995481
 30
0.0
 10
199.883500
 20
746.711467
 30
0.0
 10
192.831518
 20
746.711467
 30
0.0
  0
SPLINE
  5
18b
100
AcDbEntity
  8
Page_1
 62
7
100
AcDbSpline
 70
8
 71
3
 72
8
 73
4
 74
0
 40
0
 40
0
 40
0
 40
0
 40
1
 40
1
 40
1
 40
1
 10
192.831518
 20
746.711467
 30
0.0
 10
185.779536
 20
746.711467
 30
0.0
 10
180.063550
 20
740.995481
 30
0.0
 10
180.063550
 20
733.943498
 30
0.0
  0
LWPOLYLINE
  5
18c
100
AcDbEntity
  8
Page_1
 62
7
100
AcDbPolyline
 90
2
 70
0
 10
24.832338
 20
757.943438
 30
0.0
 10
24.832338
 20
325.944518
 30
0.0
  0
SPLINE
  5
18d
100
AcDbEntity
  8
Page_1
 62
7
100
AcDbSpline
 70
8
 71
3
 72
8
 73
4
 74
0
 40
0
 40
0
 40
0
 40
0
 40
1
 40
1
 40
1
 40
1
 10
36.064443
 20
733.943498
 30
0.0
 10
36.064443
 20
726.891516
 30
0.0
 10
41.780429
 20
721.175530
 30
0.0
 10
48.832411
 20
721.175530
 30
0.0
  0
SPLINE
  5
18e
100
AcDbEntity
  8
Page_1
 62
7
100
AcDbSpline
 70
8
 71
3
 72
8
 73
4
 74
0
 40
0
 40
0
 40
0
 40
0
 40
1
 40
1
 40
1
 40
1
 10
48.832411
 20
721.175530
 30
0.0
 10
55.884394
 20
721.175530
 30
0.0
 10
61.600379
 20
726.891516
 30
0.0
 10
61.600379
 20
733.943498
 30
0.0
  0
SPLINE
  5
18f
100
AcDbEntity
  8
Page_1
 62
7
100
AcDbSpline
 70
8
 71
3
 72
8
 73
4
 74
0
 40
0
 40
0
 40
0
 40
0
 40
1
 40
1
 40
1
 40
1
 10
61.600379
 20
733.943498
 30
0.0
 10
61.600379
 20
740.995481
 30
0.0
 10
55.884394
 20
746.711467
 30
0.0
 10
48.832411
 20
746.711467
 30
0.0
  0
SPLINE
  5
190
100
AcDbEntity
  8
Page_1
 62
7
100
AcDbSpline
 70
8
 71
3
 72
8
 73
4
 74
0
 40
0
 40
0
 40
0
 40
0
 40
1
 40
1
 40
1
 40
1
 10
48.832411
 20
746.711467
 30
0.0
 10
41.780429
 20
746.711467
 30
0.0
 10
36.064443
 20
740.995481
 30
0.0
 10
36.064443
 20
733.943498
 30
0.0
  0
LWPOLYLINE
  5
191
100
AcDbEntity
  8
Page_1
 62
7
100
AcDbPolyline
 90
1
 70
1
 10
180.063550
 20
733.943498
 30
0.0
  0
SPLINE
  5
192
100
AcDbEntity
  8
Page_1
 62
7
100
AcDbSpline
 70
8
 71
3
 72
8
 73
4
 74
0
 40
0
 40
0
 40
0
 40
0
 40
1
 40
1
 40
1
 40
1
 10
108.064263
 20
685.943618
 30
0.0
 10
108.064263
 20
678.891636
 30
0.0
 10
113.780249
 20
673.175650
 30
0.0
 10
120.832231
 20
673.175650
 30
0.0
  0
SPLINE
  5
193
100
AcDbEntity
  8
Page_1
 62
7
100
AcDbSpline
 70
8
 71
3
 72
8
 73
4
 74
0
 40
0
 40
0
 40
0
 40
0
 40
1
 40
1
 40
1
 40
1
 10
120.832231
 20
673.175650
 30
0.0
 10
127.884214
 20
673.175650
 30
0.0
 10
133.600199
 20
678.891636
 30
0.0
 10
133.600199
 20
685.943618
 30
0.0
  0
SPLINE
  5
194
100
AcDbEntity
  8
Page_1
 62
7
100
AcDbSpline
 70
8
 71
3
 72
8
 73
4
 74
0
 40
0
 40
0
 40
0
 40
0
 40
1
 40
1
 40
1
 40
1
 10
133.600199
 20
685.943618
 30
0.0
 10
133.600199
 20
692.995601
 30
0.0
 10
127.884214
 20
698.711587
 30
0.0
 10
120.832231
 20
698.711587
 30
0.0
  0
SPLINE
  5
195
100
AcDbEntity
  8
Page_1
 62
7
100
AcDbSpline
 70
8
 71
3
 72
8
 73
4
 74
0
 40
0
 40
0
 40
0
 40
0
 40
1
 40
1
 40
1
 40
1
 10
120.832231
 20
698.711587
 30
0.0
 10
113.780249
 20
698.711587
 30
0.0
 10
108.064263
 20
692.995601
 30
0.0
 10
108.064263
 20
685.943618
 30
0.0
  0
LWPOLYLINE
  5
196
100
AcDbEntity
  8
Page_1
 62
7
100
AcDbPolyline
 90
1
 70
1
 10
36.064443
 20
733.943498
 30
0.0
  0
SPLINE
  5
197
100
AcDbEntity
  8
Page_1
 62
7
100
AcDbSpline
 70
8
 71
3
 72
8
 73
4
 74
0
 40
0
 40
0
 40
0
 40
0
 40
1
 40
1
 40
1
 40
1
 10
66.832233
 20
325.944518
 30
0.0
 10
66.832233
 20
296.120593
 30
0.0
 10
91.008172
 20
271.944653
 30
0.0
 10
120.832098
 20
271.944653
 30
0.0
  0
SPLINE
  5
198
100
AcDbEntity
  8
Page_1
 62
7
100
AcDbSpline
 70
8
 71
3
 72
8
 73
4
 74
0
 40
0
 40
0
 40
0
 40
0
 40
1
 40
1
 40
1
 40
1
 10
120.832098
 20
271.944653
 30
0.0
 10
150.656023
 20
271.944653
 30
0.0
 10
174.831963
 20
296.120593
 30
0.0
 10
174.831963
 20
325.944518
 30
0.0
  0
SPLINE
  5
199
100
AcDbEntity
  8
Page_1
 62
7
100
AcDbSpline
 70
8
 71
3
 72
8
 73
4
 74
0
 40
0
 40
0
 40
0
 40
0
 40
1
 40
1
 40
1
 40
1
 10
174.831963
 20
325.944518
 30
0.0
 10
174.831963
 20
355.768444
 30
0.0
 10
150.656023
 20
379.944383
 30
0.0
 10
120.832098
 20
379.944383
 30
0.0
  0
SPLINE
  5
19a
100
AcDbEntity
  8
Page_1
 62
7
100
AcDbSpline
 70
8
 71
3
 72
8
 73
4
 74
0
 40
0
 40
0
 40
0
 40
0
 40
1
 40
1
 40
1
 40
1
 10
120.832098
 20
379.944383
 30
0.0
 10
91.008172
 20
379.944383
 30
0.0
 10
66.832233
 20
355.768444
 30
0.0
 10
66.832233
 20
325.944518
 30
0.0
  0
LWPOLYLINE
  5
19b
100
AcDbEntity
  8
Page_1
 62
7
100
AcDbPolyline
 90
1
 70
1
 10
108.064263
 20
685.943618
 30
0.0
  0
SPLINE
  5
19c
100
AcDbEntity
  8
Page_1
 62
7
100
AcDbSpline
 70
8
 71
3
 72
8
 73
4
 74
0
 40
0
 40
0
 40
0
 40
0
 40
1
 40
1
 40
1
 40
1
 10
1075.866644
 20
264.879338
 30
0.0
 10
1075.866644
 20
257.827355
 30
0.0
 10
1081.582629
 20
252.111370
 30
0.0
 10
1088.634612
 20
252.111370
 30
0.0
  0
SPLINE
  5
19d
100
AcDbEntity
  8
Page_1
 62
7
100
AcDbSpline
 70
8
 71
3
 72
8
 73
4
 74
0
 40
0
 40
0
 40
0
 40
0
 40
1
 40
1
 40
1
 40
1
 10
1088.634612
 20
252.111370
 30
0.0
 10
1095.686594
 20
252.111370
 30
0.0
 10
1101.402580
 20
257.827355
 30
0.0
 10
1101.402580
 20
264.879338
 30
0.0
  0
SPLINE
  5
19e
100
AcDbEntity
  8
Page_1
 62
7
100
AcDbSpline
 70
8
 71
3
 72
8
 73
4
 74
0
 40
0
 40
0
 40
0
 40
0
 40
1
 40
1
 40
1
 40
1
 10
1101.402580
 20
264.879338
 30
0.0
 10
1101.402580
 20
271.931320
 30
0.0
 10
1095.686594
 20
277.647306
 30
0.0
 10
1088.634612
 20
277.647306
 30
0.0
  0
SPLINE
  5
19f
100
AcDbEntity
  8
Page_1
 62
7
100
AcDbSpline
 70
8
 71
3
 72
8
 73
4
 74
0
 40
0
 40
0
 40
0
 40
0
 40
1
 40
1
 40
1
 40
1
 10
1088.634612
 20
277.647306
 30
0.0
 10
1081.582629
 20
277.647306
 30
0.0
 10
1075.866644
 20
271.931320
 30
0.0
 10
1075.866644
 20
264.879338
 30
0.0
  0
LWPOLYLINE
  5
1a0
100
AcDbEntity
  8
Page_1
 62
7
100
AcDbPolyline
 90
1
 70
1
 10
66.832233
 20
325.944518
 30
0.0
  0
SPLINE
  5
1a1
100
AcDbEntity
  8
Page_1
 62
7
100
AcDbSpline
 70
8
 71
3
 72
8
 73
4
 74
0
 40
0
 40
0
 40
0
 40
0
 40
1
 40
1
 40
1
 40
1
 10
1075.866644
 20
792.387352
 30
0.0
 10
1075.866644
 20
785.335370
 30
0.0
 10
1081.582629
 20
779.619384
 30
0.0
 10
1088.634612
 20
779.619384
 30
0.0
  0
SPLINE
  5
1a2
100
AcDbEntity
  8
Page_1
 62
7
100
AcDbSpline
 70
8
 71
3
 72
8
 73
4
 74
0
 40
0
 40
0
 40
0
 40
0
 40
1
 40
1
 40
1
 40
1
 10
1088.634612
 20
779.619384
 30
0.0
 10
1095.686594
 20
779.619384
 30
0.0
 10
1101.402580
 20
785.335370
 30
0.0
 10
1101.402580
 20
792.387352
 30
0.0
  0
SPLINE
  5
1a3
100
AcDbEntity
  8
Page_1
 62
7
100
AcDbSpline
 70
8
 71
3
 72
8
 73
4
 74
0
 40
0
 40
0
 40
0
 40
0
 40
1
 40
1
 40
1
 40
1
 10
1101.402580
 20
792.387352
 30
0.0
 10
1101.402580
 20
799.439335
 30
0.0
 10
1095.686594
 20
805.155320
 30
0.0
 10
1088.634612
 20
805.155320
 30
0.0
  0
SPLINE
  5
1a4
100
AcDbEntity
  8
Page_1
 62
7
100
AcDbSpline
 70
8
 71
3
 72
8
 73
4
 74
0
 40
0
 40
0
 40
0
 40
0
 40
1
 40
1
 40
1
 40
1
 10
1088.634612
 20
805.155320
 30
0.0
 10
1081.582629
 20
805.155320
 30
0.0
 10
1075.866644
 20
799.439335
 30
0.0
 10
1075.866644
 20
792.387352
 30
0.0
  0
LWPOLYLINE
  5
1a5
100
AcDbEntity
  8
Page_1
 62
7
100
AcDbPolyline
 90
1
 70
1
 10
1075.866644
 20
264.879338
 30
0.0
  0
SPLINE
  5
1a6
100
AcDbEntity
  8
Page_1
 62
7
100
AcDbSpline
 70
8
 71
3
 72
8
 73
4
 74
0
 40
0
 40
0
 40
0
 40
0
 40
1
 40
1
 40
1
 40
1
 10
955.866944
 20
792.387352
 30
0.0
 10
955.866944
 20
785.335370
 30
0.0
 10
961.582929
 20
779.619384
 30
0.0
 10
968.634912
 20
779.619384
 30
0.0
  0
SPLINE
  5
1a7
100
AcDbEntity
  8
Page_1
 62
7
100
AcDbSpline
 70
8
 71
3
 72
8
 73
4
 74
0
 40
0
 40
0
 40
0
 40
0
 40
1
 40
1
 40
1
 40
1
 10
968.634912
 20
779.619384
 30
0.0
 10
975.686894
 20
779.619384
 30
0.0
 10
981.402880
 20
785.335370
 30
0.0
 10
981.402880
 20
792.387352
 30
0.0
  0
SPLINE
  5
1a8
100
AcDbEntity
  8
Page_1
 62
7
100
AcDbSpline
 70
8
 71
3
 72
8
 73
4
 74
0
 40
0
 40
0
 40
0
 40
0
 40
1
 40
1
 40
1
 40
1
 10
981.402880
 20
792.387352
 30
0.0
 10
981.402880
 20
799.439335
 30
0.0
 10
975.686894
 20
805.155320
 30
0.0
 10
968.634912
 20
805.155320
 30
0.0
  0
SPLINE
  5
1a9
100
AcDbEntity
  8
Page_1
 62
7
100
AcDbSpline
 70
8
 71
3
 72
8
 73
4
 74
0
 40
0
 40
0
 40
0
 40
0
 40
1
 40
1
 40
1
 40
1
 10
968.634912
 20
805.155320
 30
0.0
 10
961.582929
 20
805.155320
 30
0.0
 10
955.866944
 20
799.439335
 30
0.0
 10
955.866944
 20
792.387352
 30
0.0
  0
LWPOLYLINE
  5
1aa
100
AcDbEntity
  8
Page_1
 62
7
100
AcDbPolyline
 90
1
 70
1
 10
1075.866644
 20
792.387352
 30
0.0
  0
SPLINE
  5
1ab
100
AcDbEntity
  8
Page_1
 62
7
100
AcDbSpline
 70
8
 71
3
 72
8
 73
4
 74
0
 40
0
 40
0
 40
0
 40
0
 40
1
 40
1
 40
1
 40
1
 10
835.867244
 20
792.387352
 30
0.0
 10
835.867244
 20
785.335370
 30
0.0
 10
841.583229
 20
779.619384
 30
0.0
 10
848.635212
 20
779.619384
 30
0.0
  0
SPLINE
  5
1ac
100
AcDbEntity
  8
Page_1
 62
7
100
AcDbSpline
 70
8
 71
3
 72
8
 73
4
 74
0
 40
0
 40
0
 40
0
 40
0
 40
1
 40
1
 40
1
 40
1
 10
848.635212
 20
779.619384
 30
0.0
 10
855.687194
 20
779.619384
 30
0.0
 10
861.403180
 20
785.335370
 30
0.0
 10
861.403180
 20
792.387352
 30
0.0
  0
SPLINE
  5
1ad
100
AcDbEntity
  8
Page_1
 62
7
100
AcDbSpline
 70
8
 71
3
 72
8
 73
4
 74
0
 40
0
 40
0
 40
0
 40
0
 40
1
 40
1
 40
1
 40
1
 10
861.403180
 20
792.387352
 30
0.0
 10
861.403180
 20
799.439335
 30
0.0
 10
855.687194
 20
805.155320
 30
0.0
 10
848.635212
 20
805.155320
 30
0.0
  0
SPLINE
  5
1ae
100
AcDbEntity
  8
Page_1
 62
7
100
AcDbSpline
 70
8
 71
3
 72
8
 73
4
 74
0
 40
0
 40
0
 40
0
 40
0
 40
1
 40
1
 40
1
 40
1
 10
848.635212
 20
805.155320
 30
0.0
 10
841.583229
 20
805.155320
 30
0.0
 10
835.867244
 20
799.439335
 30
0.0
 10
835.867244
 20
792.387352
 30
0.0
  0
LWPOLYLINE
  5
1af
100
AcDbEntity
  8
Page_1
 62
7
100
AcDbPolyline
 90
1
 70
1
 10
955.866944
 20
792.387352
 30
0.0
  0
SPLINE
  5
1b0
100
AcDbEntity
  8
Page_1
 62
7
100
AcDbSpline
 70
8
 71
3
 72
8
 73
4
 74
0
 40
0
 40
0
 40
0
 40
0
 40
1
 40
1
 40
1
 40
1
 10
382.988376
 20
413.433633
 30
0.0
 10
382.988376
 20
408.105646
 30
0.0
 10
387.308365
 20
403.785657
 30
0.0
 10
392.636352
 20
403.785657
 30
0.0
  0
SPLINE
  5
1b1
100
AcDbEntity
  8
Page_1
 62
7
100
AcDbSpline
 70
8
 71
3
 72
8
 73
4
 74
0
 40
0
 40
0
 40
0
 40
0
 40
1
 40
1
 40
1
 40
1
 10
392.636352
 20
403.785657
 30
0.0
 10
397.964338
 20
403.785657
 30
0.0
 10
402.284328
 20
408.105646
 30
0.0
 10
402.284328
 20
413.433633
 30
0.0
  0
SPLINE
  5
1b2
100
AcDbEntity
  8
Page_1
 62
7
100
AcDbSpline
 70
8
 71
3
 72
8
 73
4
 74
0
 40
0
 40
0
 40
0
 40
0
 40
1
 40
1
 40
1
 40
1
 10
402.284328
 20
413.433633
 30
0.0
 10
402.284328
 20
418.761620
 30
0.0
 10
397.964338
 20
423.081609
 30
0.0
 10
392.636352
 20
423.081609
 30
0.0
  0
SPLINE
  5
1b3
100
AcDbEntity
  8
Page_1
 62
7
100
AcDbSpline
 70
8
 71
3
 72
8
 73
4
 74
0
 40
0
 40
0
 40
0
 40
0
 40
1
 40
1
 40
1
 40
1
 10
392.636352
 20
423.081609
 30
0.0
 10
387.308365
 20
423.081609
 30
0.0
 10
382.988376
 20
418.761620
 30
0.0
 10
382.988376
 20
413.433633
 30
0.0
  0
LWPOLYLINE
  5
1b4
100
AcDbEntity
  8
Page_1
 62
7
100
AcDbPolyline
 90
1
 70
1
 10
835.867244
 20
792.387352
 30
0.0
  0
SPLINE
  5
1b5
100
AcDbEntity
  8
Page_1
 62
7
100
AcDbSpline
 70
8
 71
3
 72
8
 73
4
 74
0
 40
0
 40
0
 40
0
 40
0
 40
1
 40
1
 40
1
 40
1
 10
526.988016
 20
413.433633
 30
0.0
 10
526.988016
 20
408.105646
 30
0.0
 10
531.308005
 20
403.785657
 30
0.0
 10
536.635992
 20
403.785657
 30
0.0
  0
SPLINE
  5
1b6
100
AcDbEntity
  8
Page_1
 62
7
100
AcDbSpline
 70
8
 71
3
 72
8
 73
4
 74
0
 40
0
 40
0
 40
0
 40
0
 40
1
 40
1
 40
1
 40
1
 10
536.635992
 20
403.785657
 30
0.0
 10
541.963978
 20
403.785657
 30
0.0
 10
546.283968
 20
408.105646
 30
0.0
 10
546.283968
 20
413.433633
 30
0.0
  0
SPLINE
  5
1b7
100
AcDbEntity
  8
Page_1
 62
7
100
AcDbSpline
 70
8
 71
3
 72
8
 73
4
 74
0
 40
0
 40
0
 40
0
 40
0
 40
1
 40
1
 40
1
 40
1
 10
546.283968
 20
413.433633
 30
0.0
 10
546.283968
 20
418.761620
 30
0.0
 10
541.963978
 20
423.081609
 30
0.0
 10
536.635992
 20
423.081609
 30
0.0
  0
SPLINE
  5
1b8
100
AcDbEntity
  8
Page_1
 62
7
100
AcDbSpline
 70
8
 71
3
 72
8
 73
4
 74
0
 40
0
 40
0
 40
0
 40
0
 40
1
 40
1
 40
1
 40
1
 10
536.635992
 20
423.081609
 30
0.0
 10
531.308005
 20
423.081609
 30
0.0
 10
526.988016
 20
418.761620
 30
0.0
 10
526.988016
 20
413.433633
 30
0.0
  0
LWPOLYLINE
  5
1b9
100
AcDbEntity
  8
Page_1
 62
7
100
AcDbPolyline
 90
1
 70
1
 10
382.988376
 20
413.433633
 30
0.0
  0
SPLINE
  5
1ba
100
AcDbEntity
  8
Page_1
 62
7
100
AcDbSpline
 70
8
 71
3
 72
8
 73
4
 74
0
 40
0
 40
0
 40
0
 40
0
 40
1
 40
1
 40
1
 40
1
 10
668.402329
 20
528.633345
 30
0.0
 10
668.402329
 20
498.809420
 30
0.0
 10
692.578269
 20
474.633480
 30
0.0
 10
722.402194
 20
474.633480
 30
0.0
  0
SPLINE
  5
1bb
100
AcDbEntity
  8
Page_1
 62
7
100
AcDbSpline
 70
8
 71
3
 72
8
 73
4
 74
0
 40
0
 40
0
 40
0
 40
0
 40
1
 40
1
 40
1
 40
1
 10
722.402194
 20
474.633480
 30
0.0
 10
752.226119
 20
474.633480
 30
0.0
 10
776.402059
 20
498.809420
 30
0.0
 10
776.402059
 20
528.633345
 30
0.0
  0
SPLINE
  5
1bc
100
AcDbEntity
  8
Page_1
 62
7
100
AcDbSpline
 70
8
 71
3
 72
8
 73
4
 74
0
 40
0
 40
0
 40
0
 40
0
 40
1
 40
1
 40
1
 40
1
 10
776.402059
 20
528.633345
 30
0.0
 10
776.402059
 20
558.457271
 30
0.0
 10
752.226119
 20
582.633210
 30
0.0
 10
722.402194
 20
582.633210
 30
0.0
  0
SPLINE
  5
1bd
100
AcDbEntity
  8
Page_1
 62
7
100
AcDbSpline
 70
8
 71
3
 72
8
 73
4
 74
0
 40
0
 40
0
 40
0
 40
0
 40
1
 40
1
 40
1
 40
1
 10
722.402194
 20
582.633210
 30
0.0
 10
692.578269
 20
582.633210
 30
0.0
 10
668.402329
 20
558.457271
 30
0.0
 10
668.402329
 20
528.633345
 30
0.0
  0
LWPOLYLINE
  5
1be
100
AcDbEntity
  8
Page_1
 62
7
100
AcDbPolyline
 90
1
 70
1
 10
526.988016
 20
413.433633
 30
0.0
  0
SPLINE
  5
1bf
100
AcDbEntity
  8
Page_1
 62
7
100
AcDbSpline
 70
8
 71
3
 72
8
 73
4
 74
0
 40
0
 40
0
 40
0
 40
0
 40
1
 40
1
 40
1
 40
1
 10
526.988016
 20
643.833057
 30
0.0
 10
526.988016
 20
638.505070
 30
0.0
 10
531.308005
 20
634.185081
 30
0.0
 10
536.635992
 20
634.185081
 30
0.0
  0
SPLINE
  5
1c0
100
AcDbEntity
  8
Page_1
 62
7
100
AcDbSpline
 70
8
 71
3
 72
8
 73
4
 74
0
 40
0
 40
0
 40
0
 40
0
 40
1
 40
1
 40
1
 40
1
 10
536.635992
 20
634.185081
 30
0.0
 10
541.963978
 20
634.185081
 30
0.0
 10
546.283968
 20
638.505070
 30
0.0
 10
546.283968
 20
643.833057
 30
0.0
  0
SPLINE
  5
1c1
100
AcDbEntity
  8
Page_1
 62
7
100
AcDbSpline
 70
8
 71
3
 72
8
 73
4
 74
0
 40
0
 40
0
 40
0
 40
0
 40
1
 40
1
 40
1
 40
1
 10
546.283968
 20
643.833057
 30
0.0
 10
546.283968
 20
649.161044
 30
0.0
 10
541.963978
 20
653.481033
 30
0.0
 10
536.635992
 20
653.481033
 30
0.0
  0
SPLINE
  5
1c2
100
AcDbEntity
  8
Page_1
 62
7
100
AcDbSpline
 70
8
 71
3
 72
8
 73
4
 74
0
 40
0
 40
0
 40
0
 40
0
 40
1
 40
1
 40
1
 40
1
 10
536.635992
 20
653.481033
 30
0.0
 10
531.308005
 20
653.481033
 30
0.0
 10
526.988016
 20
649.161044
 30
0.0
 10
526.988016
 20
643.833057
 30
0.0
  0
LWPOLYLINE
  5
1c3
100
AcDbEntity
  8
Page_1
 62
7
100
AcDbPolyline
 90
1
 70
1
 10
668.402329
 20
528.633345
 30
0.0
  0
SPLINE
  5
1c4
100
AcDbEntity
  8
Page_1
 62
7
100
AcDbSpline
 70
8
 71
3
 72
8
 73
4
 74
0
 40
0
 40
0
 40
0
 40
0
 40
1
 40
1
 40
1
 40
1
 10
382.988376
 20
643.833057
 30
0.0
 10
382.988376
 20
638.505070
 30
0.0
 10
387.308365
 20
634.185081
 30
0.0
 10
392.636352
 20
634.185081
 30
0.0
  0
SPLINE
  5
1c5
100
AcDbEntity
  8
Page_1
 62
7
100
AcDbSpline
 70
8
 71
3
 72
8
 73
4
 74
0
 40
0
 40
0
 40
0
 40
0
 40
1
 40
1
 40
1
 40
1
 10
392.636352
 20
634.185081
 30
0.0
 10
397.964338
 20
634.185081
 30
0.0
 10
402.284328
 20
638.505070
 30
0.0
 10
402.284328
 20
643.833057
 30
0.0
  0
SPLINE
  5
1c6
100
AcDbEntity
  8
Page_1
 62
7
100
AcDbSpline
 70
8
 71
3
 72
8
 73
4
 74
0
 40
0
 40
0
 40
0
 40
0
 40
1
 40
1
 40
1
 40
1
 10
402.284328
 20
643.833057
 30
0.0
 10
402.284328
 20
649.161044
 30
0.0
 10
397.964338
 20
653.481033
 30
0.0
 10
392.636352
 20
653.481033
 30
0.0
  0
SPLINE
  5
1c7
100
AcDbEntity
  8
Page_1
 62
7
100
AcDbSpline
 70
8
 71
3
 72
8
 73
4
 74
0
 40
0
 40
0
 40
0
 40
0
 40
1
 40
1
 40
1
 40
1
 10
392.636352
 20
653.481033
 30
0.0
 10
387.308365
 20
653.481033
 30
0.0
 10
382.988376
 20
649.161044
 30
0.0
 10
382.988376
 20
643.833057
 30
0.0
  0
LWPOLYLINE
  5
1c8
100
AcDbEntity
  8
Page_1
 62
7
100
AcDbPolyline
 90
1
 70
1
 10
526.988016
 20
643.833057
 30
0.0
  0
LWPOLYLINE
  5
1c9
100
AcDbEntity
  8
Page_1
 62
7
100
AcDbPolyline
 90
1
 70
1
 10
382.988376
 20
643.833057
 30
0.0
  0
SPLINE
  5
1ca
100
AcDbEntity
  8
Page_1
 62
7
100
AcDbSpline
 70
8
 71
3
 72
8
 73
4
 74
0
 40
0
 40
0
 40
0
 40
0
 40
1
 40
1
 40
1
 40
1
 10
708.080896
 20
266.602000
 30
0.0
 10
737.268823
 20
249.750042
 30
0.0
 10
770.378074
 20
240.879398
 30
0.0
 10
804.080656
 20
240.879398
 30
0.0
  0
LWPOLYLINE
  5
1cb
100
AcDbEntity
  8
Page_1
 62
7
100
AcDbPolyline
 90
2
 70
0
 10
708.080896
 20
266.602000
 30
0.0
 10
581.765212
 20
339.529818
 30
0.0
  0
LWPOLYLINE
  5
1cc
100
AcDbEntity
  8
Page_1
 62
7
100
AcDbPolyline
 90
2
 70
0
 10
804.080656
 20
240.879398
 30
0.0
 10
1136.633158
 20
240.879398
 30
0.0
  0
LWPOLYLINE
  5
1cd
100
AcDbEntity
  8
Page_1
 62
7
100
AcDbPolyline
 90
2
 70
0
 10
1136.634492
 20
240.879398
 30
0.0
 10
1136.634492
 20
816.387292
 30
0.0
  0
SPLINE
  5
1ce
100
AcDbEntity
  8
Page_1
 62
7
100
AcDbSpline
 70
8
 71
3
 72
8
 73
4
 74
0
 40
0
 40
0
 40
0
 40
0
 40
1
 40
1
 40
1
 40
1
 10
804.080656
 20
816.387292
 30
0.0
 10
770.378074
 20
816.387292
 30
0.0
 10
737.268823
 20
807.515315
 30
0.0
 10
708.080896
 20
790.664690
 30
0.0
  0
LWPOLYLINE
  5
1cf
100
AcDbEntity
  8
Page_1
 62
7
100
AcDbPolyline
 90
2
 70
0
 10
804.080656
 20
816.387292
 30
0.0
 10
1136.633158
 20
816.387292
 30
0.0
  0
SPLINE
  5
1d0
100
AcDbEntity
  8
Page_1
 62
7
100
AcDbSpline
 70
8
 71
3
 72
8
 73
4
 74
0
 40
0
 40
0
 40
0
 40
0
 40
1
 40
1
 40
1
 40
1
 10
502.500077
 20
692.743601
 30
0.0
 10
530.429341
 20
695.187595
 30
0.0
 10
557.485273
 20
703.718241
 30
0.0
 10
581.766546
 20
717.735539
 30
0.0
  0
LWPOLYLINE
  5
1d1
100
AcDbEntity
  8
Page_1
 62
7
100
AcDbPolyline
 90
2
 70
0
 10
708.080896
 20
790.664690
 30
0.0
 10
581.765212
 20
717.736872
 30
0.0
  0
SPLINE
  5
1d2
100
AcDbEntity
  8
Page_1
 62
7
100
AcDbSpline
 70
8
 71
3
 72
8
 73
4
 74
0
 40
0
 40
0
 40
0
 40
0
 40
1
 40
1
 40
1
 40
1
 10
316.452542
 20
676.466309
 30
0.0
 10
291.659271
 20
674.296981
 30
0.0
 10
272.636652
 20
653.537033
 30
0.0
 10
272.636652
 20
628.649095
 30
0.0
  0
LWPOLYLINE
  5
1d3
100
AcDbEntity
  8
Page_1
 62
7
100
AcDbPolyline
 90
2
 70
0
 10
316.452542
 20
676.466309
 30
0.0
 10
502.500077
 20
692.743601
 30
0.0
  0
SPLINE
  5
1d4
100
AcDbEntity
  8
Page_1
 62
7
100
AcDbSpline
 70
8
 71
3
 72
8
 73
4
 74
0
 40
0
 40
0
 40
0
 40
0
 40
1
 40
1
 40
1
 40
1
 10
560.635932
 20
564.633255
 30
0.0
 10
560.635932
 20
591.142522
 30
0.0
 10
539.145319
 20
612.633135
 30
0.0
 10
512.636052
 20
612.633135
 30
0.0
  0
LWPOLYLINE
  5
1d5
100
AcDbEntity
  8
Page_1
 62
7
100
AcDbPolyline
 90
3
 70
0
 10
272.636652
 20
628.649095
 30
0.0
 10
272.636652
 20
612.633135
 30
0.0
 10
512.636052
 20
612.633135
 30
0.0
  0
SPLINE
  5
1d6
100
AcDbEntity
  8
Page_1
 62
7
100
AcDbSpline
 70
8
 71
3
 72
8
 73
4
 74
0
 40
0
 40
0
 40
0
 40
0
 40
1
 40
1
 40
1
 40
1
 10
512.636052
 20
444.633555
 30
0.0
 10
539.145319
 20
444.633555
 30
0.0
 10
560.635932
 20
466.124168
 30
0.0
 10
560.635932
 20
492.633435
 30
0.0
  0
LWPOLYLINE
  5
1d7
100
AcDbEntity
  8
Page_1
 62
7
100
AcDbPolyline
 90
2
 70
0
 10
560.635932
 20
492.633435
 30
0.0
 10
560.635932
 20
564.633255
 30
0.0
  0
LWPOLYLINE
  5
1d8
100
AcDbEntity
  8
Page_1
 62
7
100
AcDbPolyline
 90
2
 70
0
 10
272.636652
 20
444.633555
 30
0.0
 10
512.636052
 20
444.633555
 30
0.0
  0
SPLINE
  5
1d9
100
AcDbEntity
  8
Page_1
 62
7
100
AcDbSpline
 70
8
 71
3
 72
8
 73
4
 74
0
 40
0
 40
0
 40
0
 40
0
 40
1
 40
1
 40
1
 40
1
 10
272.636652
 20
428.617595
 30
0.0
 10
272.636652
 20
403.729657
 30
0.0
 10
291.659271
 20
382.969709
 30
0.0
 10
316.452542
 20
380.800381
 30
0.0
  0
LWPOLYLINE
  5
1da
100
AcDbEntity
  8
Page_1
 62
7
100
AcDbPolyline
 90
2
 70
0
 10
272.636652
 20
444.633555
 30
0.0
 10
272.636652
 20
428.617595
 30
0.0
  0
SPLINE
  5
1db
100
AcDbEntity
  8
Page_1
 62
7
100
AcDbSpline
 70
8
 71
3
 72
8
 73
4
 74
0
 40
0
 40
0
 40
0
 40
0
 40
1
 40
1
 40
1
 40
1
 10
581.766546
 20
339.531151
 30
0.0
 10
557.486606
 20
353.549783
 30
0.0
 10
530.430674
 20
362.080428
 30
0.0
 10
502.500077
 20
364.523089
 30
0.0
  0
SPLINE
  5
1dc
100
AcDbEntity
  8
Page_1
 62
7
100
AcDbSpline
 70
8
 71
3
 72
8
 73
4
 74
0
 40
0
 40
0
 40
0
 40
0
 40
1
 40
1
 40
1
 40
1
 10
835.867244
 20
264.879338
 30
0.0
 10
835.867244
 20
257.827355
 30
0.0
 10
841.583229
 20
252.111370
 30
0.0
 10
848.635212
 20
252.111370
 30
0.0
  0
SPLINE
  5
1dd
100
AcDbEntity
  8
Page_1
 62
7
100
AcDbSpline
 70
8
 71
3
 72
8
 73
4
 74
0
 40
0
 40
0
 40
0
 40
0
 40
1
 40
1
 40
1
 40
1
 10
848.635212
 20
252.111370
 30
0.0
 10
855.687194
 20
252.111370
 30
0.0
 10
861.403180
 20
257.827355
 30
0.0
 10
861.403180
 20
264.879338
 30
0.0
  0
SPLINE
  5
1de
100
AcDbEntity
  8
Page_1
 62
7
100
AcDbSpline
 70
8
 71
3
 72
8
 73
4
 74
0
 40
0
 40
0
 40
0
 40
0
 40
1
 40
1
 40
1
 40
1
 10
861.403180
 20
264.879338
 30
0.0
 10
861.403180
 20
271.931320
 30
0.0
 10
855.687194
 20
277.647306
 30
0.0
 10
848.635212
 20
277.647306
 30
0.0
  0
SPLINE
  5
1df
100
AcDbEntity
  8
Page_1
 62
7
100
AcDbSpline
 70
8
 71
3
 72
8
 73
4
 74
0
 40
0
 40
0
 40
0
 40
0
 40
1
 40
1
 40
1
 40
1
 10
848.635212
 20
277.647306
 30
0.0
 10
841.583229
 20
277.647306
 30
0.0
 10
835.867244
 20
271.931320
 30
0.0
 10
835.867244
 20
264.879338
 30
0.0
  0
LWPOLYLINE
  5
1e0
100
AcDbEntity
  8
Page_1
 62
7
100
AcDbPolyline
 90
2
 70
0
 10
316.452542
 20
380.800381
 30
0.0
 10
502.500077
 20
364.523089
 30
0.0
  0
SPLINE
  5
1e1
100
AcDbEntity
  8
Page_1
 62
7
100
AcDbSpline
 70
8
 71
3
 72
8
 73
4
 74
0
 40
0
 40
0
 40
0
 40
0
 40
1
 40
1
 40
1
 40
1
 10
955.866944
 20
264.879338
 30
0.0
 10
955.866944
 20
257.827355
 30
0.0
 10
961.582929
 20
252.111370
 30
0.0
 10
968.634912
 20
252.111370
 30
0.0
  0
SPLINE
  5
1e2
100
AcDbEntity
  8
Page_1
 62
7
100
AcDbSpline
 70
8
 71
3
 72
8
 73
4
 74
0
 40
0
 40
0
 40
0
 40
0
 40
1
 40
1
 40
1
 40
1
 10
968.634912
 20
252.111370
 30
0.0
 10
975.686894
 20
252.111370
 30
0.0
 10
981.402880
 20
257.827355
 30
0.0
 10
981.402880
 20
264.879338
 30
0.0
  0
SPLINE
  5
1e3
100
AcDbEntity
  8
Page_1
 62
7
100
AcDbSpline
 70
8
 71
3
 72
8
 73
4
 74
0
 40
0
 40
0
 40
0
 40
0
 40
1
 40
1
 40
1
 40
1
 10
981.402880
 20
264.879338
 30
0.0
 10
981.402880
 20
271.931320
 30
0.0
 10
975.686894
 20
277.647306
 30
0.0
 10
968.634912
 20
277.647306
 30
0.0
  0
SPLINE
  5
1e4
100
AcDbEntity
  8
Page_1
 62
7
100
AcDbSpline
 70
8
 71
3
 72
8
 73
4
 74
0
 40
0
 40
0
 40
0
 40
0
 40
1
 40
1
 40
1
 40
1
 10
968.634912
 20
277.647306
 30
0.0
 10
961.582929
 20
277.647306
 30
0.0
 10
955.866944
 20
271.931320
 30
0.0
 10
955.866944
 20
264.879338
 30
0.0
  0
LWPOLYLINE
  5
1e5
100
AcDbEntity
  8
Page_1
 62
7
100
AcDbPolyline
 90
1
 70
1
 10
835.867244
 20
264.879338
 30
0.0
  0
SPLINE
  5
1e6
100
AcDbEntity
  8
Page_1
 62
7
100
AcDbSpline
 70
8
 71
3
 72
8
 73
4
 74
0
 40
0
 40
0
 40
0
 40
0
 40
1
 40
1
 40
1
 40
1
 10
941.680312
 20
402.033662
 30
0.0
 10
946.650967
 20
410.642973
 30
0.0
 10
943.701641
 20
421.650946
 30
0.0
 10
935.092329
 20
426.621600
 30
0.0
  0
SPLINE
  5
1e7
100
AcDbEntity
  8
Page_1
 62
7
100
AcDbSpline
 70
8
 71
3
 72
8
 73
4
 74
0
 40
0
 40
0
 40
0
 40
0
 40
1
 40
1
 40
1
 40
1
 10
935.092329
 20
426.621600
 30
0.0
 10
926.483017
 20
431.592254
 30
0.0
 10
915.473711
 20
428.642928
 30
0.0
 10
910.503057
 20
420.033617
 30
0.0
  0
SPLINE
  5
1e8
100
AcDbEntity
  8
Page_1
 62
7
100
AcDbSpline
 70
8
 71
3
 72
8
 73
4
 74
0
 40
0
 40
0
 40
0
 40
0
 40
1
 40
1
 40
1
 40
1
 10
744.470139
 20
276.397976
 30
0.0
 10
826.765933
 20
283.597958
 30
0.0
 10
900.375082
 20
330.491174
 30
0.0
 10
941.678979
 20
402.033662
 30
0.0
  0
SPLINE
  5
1e9
100
AcDbEntity
  8
Page_1
 62
7
100
AcDbSpline
 70
8
 71
3
 72
8
 73
4
 74
0
 40
0
 40
0
 40
0
 40
0
 40
1
 40
1
 40
1
 40
1
 10
741.332813
 20
312.260553
 30
0.0
 10
731.430171
 20
311.393888
 30
0.0
 10
724.103523
 20
302.663243
 30
0.0
 10
724.970188
 20
292.760601
 30
0.0
  0
SPLINE
  5
1ea
100
AcDbEntity
  8
Page_1
 62
7
100
AcDbSpline
 70
8
 71
3
 72
8
 73
4
 74
0
 40
0
 40
0
 40
0
 40
0
 40
1
 40
1
 40
1
 40
1
 10
724.970188
 20
292.760601
 30
0.0
 10
725.836852
 20
282.856626
 30
0.0
 10
734.567497
 20
275.531311
 30
0.0
 10
744.470139
 20
276.397976
 30
0.0
  0
SPLINE
  5
1eb
100
AcDbEntity
  8
Page_1
 62
7
100
AcDbSpline
 70
8
 71
3
 72
8
 73
4
 74
0
 40
0
 40
0
 40
0
 40
0
 40
1
 40
1
 40
1
 40
1
 10
741.332813
 20
312.260553
 30
0.0
 10
811.927304
 20
318.436537
 30
0.0
 10
875.071146
 20
358.663103
 30
0.0
 10
910.503057
 20
420.033617
 30
0.0
  0
LWPOLYLINE
  5
1ec
100
AcDbEntity
  8
Page_1
 62
7
100
AcDbPolyline
 90
1
 70
1
 10
955.866944
 20
264.879338
 30
0.0
  0
ENDSEC
  0
SECTION
  2
OBJECTS
  0
DICTIONARY
  5
C
330
0
100
AcDbDictionary
  3
ACAD_GROUP
350
D
  3
ACAD_MLINESTYLE
350
17
  0
DICTIONARY
  5
D
330
C
100
AcDbDictionary
  0
DICTIONARY
  5
1A
330
C
100
AcDbDictionary
  0
DICTIONARY
  5
17
330
C
100
AcDbDictionary
  3
STANDARD
350
18
  0
DICTIONARY
  5
19
330
C
100
AcDbDictionary
  0
ENDSEC
  0
EOF
