  0
SECTION
  2
HEADER
  9
$ACADVER
  1
AC1014
  9
$HANDSEED
  5
FFFF
  9
$INSUNITS
 70
     1
  9
$MEASUREMENT
 70
     1
  0
ENDSEC
  0
SECTION
  2
TABLES
  0
TABLE
  2
VPORT
  5
8
330
0
100
AcDbSymbolTable
 70
     4
  0
VPORT
  5
2E
330
8
100
AcDbSymbolTableRecord
100
AcDbViewportTableRecord
  2
*ACTIVE
 70
     0
 10
0.0
 20
0.0
 11
1.0
 21
1.0
 12
210.0
 22
148.5
 13
0.0
 23
0.0
 14
10.0
 24
10.0
 15
10.0
 25
10.0
 16
0.0
 26
0.0
 36
1.0
 17
0.0
 27
0.0
 37
0.0
 40
341.0
 41
1.24
 42
50.0
 43
0.0
 44
0.0
 50
0.0
 51
0.0
 71
     0
 72
   100
 73
     1
 74
     3
 75
     0
 76
     0
 77
     0
 78
     0
  0
ENDTAB
  0
TABLE
  2
LTYPE
  5
5
330
0
100
AcDbSymbolTable
 70
     1
  0
LTYPE
  5
14
330
5
100
AcDbSymbolTableRecord
100
AcDbLinetypeTableRecord
  2
BYBLOCK
 70
     0
  3

 72
    65
 73
     0
 40
0.0
  0
LTYPE
  5
15
330
5
100
AcDbSymbolTableRecord
100
AcDbLinetypeTableRecord
  2
BYLAYER
 70
     0
  3

 72
    65
 73
     0
 40
0.0
  0
LTYPE
  5
16
330
5
100
AcDbSymbolTableRecord
100
AcDbLinetypeTableRecord
  2
CONTINUOUS
 70
     0
  3
Solid line
 72
    65
 73
     0
 40
0.0
  0
ENDTAB
  0
TABLE
  2
LAYER
  5
2
100
AcDbSymbolTable
 70
2
  0
LAYER
  5
50
100
AcDbSymbolTableRecord
100
AcDbLayerTableRecord
  2
0
 70
0
  6
CONTINUOUS
  0
LAYER
  5
51
100
AcDbSymbolTableRecord
100
AcDbLayerTableRecord
  2
Page_1
 70
0
  6
CONTINUOUS
  0
ENDTAB
  0
TABLE
  2
STYLE
  5
3
330
0
100
AcDbSymbolTable
 70
     1
  0
STYLE
  5
11
330
3
100
AcDbSymbolTableRecord
100
AcDbTextStyleTableRecord
  2
STANDARD
 70
     0
 40
0.0
 41
1.0
 50
0.0
 71
     0
 42
2.5
  3
txt
  4

  0
ENDTAB
  0
TABLE
  2
VIEW
  5
6
330
0
100
AcDbSymbolTable
 70
     0
  0
ENDTAB
  0
TABLE
  2
UCS
  5
7
330
0
100
AcDbSymbolTable
 70
     0
  0
ENDTAB
  0
TABLE
  2
APPID
  5
9
330
0
100
AcDbSymbolTable
 70
     2
  0
APPID
  5
12
330
9
100
AcDbSymbolTableRecord
100
AcDbRegAppTableRecord
  2
ACAD
 70
     0
  0
ENDTAB
  0
TABLE
  2
DIMSTYLE
  5
A
330
0
100
AcDbSymbolTable
 70
     1
  0
DIMSTYLE
105
27
330
A
100
AcDbSymbolTableRecord
100
AcDbDimStyleTableRecord
  2
ISO-25
 70
     0
  3

  4

  5

  6

  7

 40
1.0
 41
2.5
 42
0.625
 43
3.75
 44
1.25
 45
0.0
 46
0.0
 47
0.0
 48
0.0
140
2.5
141
2.5
142
0.0
143
0.03937007874016
144
1.0
145
0.0
146
1.0
147
0.625
 71
     0
 72
     0
 73
     0
 74
     0
 75
     0
 76
     0
 77
     1
 78
     8
170
     0
171
     3
172
     1
173
     0
174
     0
175
     0
176
     0
177
     0
178
     0
270
     2
271
     2
272
     2
273
     2
274
     3
340
11
275
     0
280
     0
281
     0
282
     0
283
     0
284
     8
285
     0
286
     0
287
     3
288
     0
  0
ENDTAB
  0
TABLE
  2
BLOCK_RECORD
  5
1
330
0
100
AcDbSymbolTable
 70
     1
  0
BLOCK_RECORD
  5
1F
330
1
100
AcDbSymbolTableRecord
100
AcDbBlockTableRecord
  2
*MODEL_SPACE
  0
BLOCK_RECORD
  5
1B
330
1
100
AcDbSymbolTableRecord
100
AcDbBlockTableRecord
  2
*PAPER_SPACE
  0
ENDTAB
  0
ENDSEC
  0
SECTION
  2
BLOCKS
  0
BLOCK
  5
20
330
1F
100
AcDbEntity
  8
0
100
AcDbBlockBegin
  2
*MODEL_SPACE
 70
     0
 10
0.0
 20
0.0
 30
0.0
  3
*MODEL_SPACE
  1

  0
ENDBLK
  5
21
330
1F
100
AcDbEntity
  8
0
100
AcDbBlockEnd
  0
BLOCK
  5
1C
330
1B
100
AcDbEntity
 67
     1
  8
0
100
AcDbBlockBegin
  2
*PAPER_SPACE
  1

  0
ENDBLK
  5
1D
330
1B
100
AcDbEntity
 67
     1
  8
0
100
AcDbBlockEnd
  0
ENDSEC
  0
SECTION
  2
ENTITIES
  0
SPLINE
  5
100
100
AcDbEntity
  8
Page_1
 62
7
100
AcDbSpline
 70
8
 71
3
 72
8
 73
4
 74
0
 40
0
 40
0
 40
0
 40
0
 40
1
 40
1
 40
1
 40
1
 10
0.299516
 20
1.823579
 30
0.0
 10
0.299516
 20
1.796398
 30
0.0
 10
0.321544
 20
1.774371
 30
0.0
 10
0.348724
 20
1.774371
 30
0.0
  0
SPLINE
  5
101
100
AcDbEntity
  8
Page_1
 62
7
100
AcDbSpline
 70
8
 71
3
 72
8
 73
4
 74
0
 40
0
 40
0
 40
0
 40
0
 40
1
 40
1
 40
1
 40
1
 10
0.348724
 20
1.774371
 30
0.0
 10
0.375905
 20
1.774371
 30
0.0
 10
0.397946
 20
1.796398
 30
0.0
 10
0.397946
 20
1.823579
 30
0.0
  0
SPLINE
  5
102
100
AcDbEntity
  8
Page_1
 62
7
100
AcDbSpline
 70
8
 71
3
 72
8
 73
4
 74
0
 40
0
 40
0
 40
0
 40
0
 40
1
 40
1
 40
1
 40
1
 10
0.397946
 20
1.823579
 30
0.0
 10
0.397946
 20
1.850759
 30
0.0
 10
0.375905
 20
1.872787
 30
0.0
 10
0.348724
 20
1.872787
 30
0.0
  0
SPLINE
  5
103
100
AcDbEntity
  8
Page_1
 62
7
100
AcDbSpline
 70
8
 71
3
 72
8
 73
4
 74
0
 40
0
 40
0
 40
0
 40
0
 40
1
 40
1
 40
1
 40
1
 10
0.348724
 20
1.872787
 30
0.0
 10
0.321544
 20
1.872787
 30
0.0
 10
0.299516
 20
1.850759
 30
0.0
 10
0.299516
 20
1.823579
 30
0.0
  0
SPLINE
  5
104
100
AcDbEntity
  8
Page_1
 62
7
100
AcDbSpline
 70
8
 71
3
 72
8
 73
4
 74
0
 40
0
 40
0
 40
0
 40
0
 40
1
 40
1
 40
1
 40
1
 10
1.937815
 20
0.676422
 30
0.0
 10
1.937815
 20
0.649241
 30
0.0
 10
1.959842
 20
0.627214
 30
0.0
 10
1.987023
 20
0.627214
 30
0.0
  0
SPLINE
  5
105
100
AcDbEntity
  8
Page_1
 62
7
100
AcDbSpline
 70
8
 71
3
 72
8
 73
4
 74
0
 40
0
 40
0
 40
0
 40
0
 40
1
 40
1
 40
1
 40
1
 10
1.987023
 20
0.627214
 30
0.0
 10
2.014203
 20
0.627214
 30
0.0
 10
2.036245
 20
0.649241
 30
0.0
 10
2.036245
 20
0.676422
 30
0.0
  0
SPLINE
  5
106
100
AcDbEntity
  8
Page_1
 62
7
100
AcDbSpline
 70
8
 71
3
 72
8
 73
4
 74
0
 40
0
 40
0
 40
0
 40
0
 40
1
 40
1
 40
1
 40
1
 10
2.036245
 20
0.676422
 30
0.0
 10
2.036245
 20
0.703602
 30
0.0
 10
2.014203
 20
0.725630
 30
0.0
 10
1.987023
 20
0.725630
 30
0.0
  0
SPLINE
  5
107
100
AcDbEntity
  8
Page_1
 62
7
100
AcDbSpline
 70
8
 71
3
 72
8
 73
4
 74
0
 40
0
 40
0
 40
0
 40
0
 40
1
 40
1
 40
1
 40
1
 10
1.987023
 20
0.725630
 30
0.0
 10
1.959842
 20
0.725630
 30
0.0
 10
1.937815
 20
0.703602
 30
0.0
 10
1.937815
 20
0.676422
 30
0.0
  0
LWPOLYLINE
  5
108
100
AcDbEntity
  8
Page_1
 62
7
100
AcDbPolyline
 90
1
 70
1
 10
0.299516
 20
1.823579
 30
0.0
  0
LWPOLYLINE
  5
109
100
AcDbEntity
  8
Page_1
 62
7
100
AcDbPolyline
 90
1
 70
1
 10
1.937815
 20
0.676422
 30
0.0
  0
SPLINE
  5
10a
100
AcDbEntity
  8
Page_1
 62
7
100
AcDbSpline
 70
8
 71
3
 72
8
 73
4
 74
0
 40
0
 40
0
 40
0
 40
0
 40
1
 40
1
 40
1
 40
1
 10
2.225453
 20
0.249999
 30
0.0
 10
2.240036
 20
0.249999
 30
0.0
 10
2.254508
 20
0.252555
 30
0.0
 10
2.268203
 20
0.257541
 30
0.0
  0
LWPOLYLINE
  5
10b
100
AcDbEntity
  8
Page_1
 62
7
100
AcDbPolyline
 90
2
 70
0
 10
1.167878
 20
0.249999
 30
0.0
 10
2.225444
 20
0.249999
 30
0.0
  0
SPLINE
  5
10c
100
AcDbEntity
  8
Page_1
 62
7
100
AcDbSpline
 70
8
 71
3
 72
8
 73
4
 74
0
 40
0
 40
0
 40
0
 40
0
 40
1
 40
1
 40
1
 40
1
 10
3.434325
 20
0.681973
 30
0.0
 10
3.499200
 20
0.705584
 30
0.0
 10
3.532644
 20
0.777320
 30
0.0
 10
3.509033
 20
0.842181
 30
0.0
  0
LWPOLYLINE
  5
10d
100
AcDbEntity
  8
Page_1
 62
7
100
AcDbPolyline
 90
2
 70
0
 10
3.434325
 20
0.681973
 30
0.0
 10
2.268203
 20
0.257544
 30
0.0
  0
SPLINE
  5
10e
100
AcDbEntity
  8
Page_1
 62
7
100
AcDbSpline
 70
8
 71
3
 72
8
 73
4
 74
0
 40
0
 40
0
 40
0
 40
0
 40
1
 40
1
 40
1
 40
1
 10
3.256311
 20
1.536566
 30
0.0
 10
3.234409
 20
1.596732
 30
0.0
 10
3.170589
 20
1.630621
 30
0.0
 10
3.108478
 20
1.615065
 30
0.0
  0
SPLINE
  5
10f
100
AcDbEntity
  8
Page_1
 62
7
100
AcDbSpline
 70
8
 71
3
 72
8
 73
4
 74
0
 40
0
 40
0
 40
0
 40
0
 40
1
 40
1
 40
1
 40
1
 10
2.203022
 20
2.143967
 30
0.0
 10
2.310966
 20
1.750912
 30
0.0
 10
2.713077
 20
1.516024
 30
0.0
 10
3.108478
 20
1.615065
 30
0.0
  0
SPLINE
  5
110
100
AcDbEntity
  8
Page_1
 62
7
100
AcDbSpline
 70
8
 71
3
 72
8
 73
4
 74
0
 40
0
 40
0
 40
0
 40
0
 40
1
 40
1
 40
1
 40
1
 10
2.167870
 20
2.404619
 30
0.0
 10
2.167870
 20
2.316550
 30
0.0
 10
2.179689
 20
2.228883
 30
0.0
 10
2.203008
 20
2.143967
 30
0.0
  0
LWPOLYLINE
  5
111
100
AcDbEntity
  8
Page_1
 62
7
100
AcDbPolyline
 90
2
 70
0
 10
3.256311
 20
1.536566
 30
0.0
 10
3.509047
 20
0.842178
 30
0.0
  0
SPLINE
  5
112
100
AcDbEntity
  8
Page_1
 62
7
100
AcDbSpline
 70
8
 71
3
 72
8
 73
4
 74
0
 40
0
 40
0
 40
0
 40
0
 40
1
 40
1
 40
1
 40
1
 10
0.167880
 20
1.249997
 30
0.0
 10
0.167880
 20
0.697720
 30
0.0
 10
0.615601
 20
0.249999
 30
0.0
 10
1.167878
 20
0.249999
 30
0.0
  0
SPLINE
  5
113
100
AcDbEntity
  8
Page_1
 62
7
100
AcDbSpline
 70
8
 71
3
 72
8
 73
4
 74
0
 40
0
 40
0
 40
0
 40
0
 40
1
 40
1
 40
1
 40
1
 10
1.784871
 20
5.499986
 30
0.0
 10
1.784871
 20
5.426528
 30
0.0
 10
1.844412
 20
5.366987
 30
0.0
 10
1.917870
 20
5.366987
 30
0.0
  0
SPLINE
  5
114
100
AcDbEntity
  8
Page_1
 62
7
100
AcDbSpline
 70
8
 71
3
 72
8
 73
4
 74
0
 40
0
 40
0
 40
0
 40
0
 40
1
 40
1
 40
1
 40
1
 10
1.917870
 20
5.366987
 30
0.0
 10
1.991328
 20
5.366987
 30
0.0
 10
2.050870
 20
5.426528
 30
0.0
 10
2.050870
 20
5.499986
 30
0.0
  0
SPLINE
  5
115
100
AcDbEntity
  8
Page_1
 62
7
100
AcDbSpline
 70
8
 71
3
 72
8
 73
4
 74
0
 40
0
 40
0
 40
0
 40
0
 40
1
 40
1
 40
1
 40
1
 10
2.050870
 20
5.499986
 30
0.0
 10
2.050870
 20
5.573444
 30
0.0
 10
1.991328
 20
5.632986
 30
0.0
 10
1.917870
 20
5.632986
 30
0.0
  0
SPLINE
  5
116
100
AcDbEntity
  8
Page_1
 62
7
100
AcDbSpline
 70
8
 71
3
 72
8
 73
4
 74
0
 40
0
 40
0
 40
0
 40
0
 40
1
 40
1
 40
1
 40
1
 10
1.917870
 20
5.632986
 30
0.0
 10
1.844412
 20
5.632986
 30
0.0
 10
1.784871
 20
5.573444
 30
0.0
 10
1.784871
 20
5.499986
 30
0.0
  0
LWPOLYLINE
  5
117
100
AcDbEntity
  8
Page_1
 62
7
100
AcDbPolyline
 90
4
 70
0
 10
2.167870
 20
2.404619
 30
0.0
 10
2.167870
 20
5.749972
 30
0.0
 10
0.167875
 20
5.749986
 30
0.0
 10
0.167880
 20
1.249997
 30
0.0
  0
SPLINE
  5
118
100
AcDbEntity
  8
Page_1
 62
7
100
AcDbSpline
 70
8
 71
3
 72
8
 73
4
 74
0
 40
0
 40
0
 40
0
 40
0
 40
1
 40
1
 40
1
 40
1
 10
0.284880
 20
5.499986
 30
0.0
 10
0.284880
 20
5.426528
 30
0.0
 10
0.344421
 20
5.366987
 30
0.0
 10
0.417880
 20
5.366987
 30
0.0
  0
SPLINE
  5
119
100
AcDbEntity
  8
Page_1
 62
7
100
AcDbSpline
 70
8
 71
3
 72
8
 73
4
 74
0
 40
0
 40
0
 40
0
 40
0
 40
1
 40
1
 40
1
 40
1
 10
0.417880
 20
5.366987
 30
0.0
 10
0.491338
 20
5.366987
 30
0.0
 10
0.550879
 20
5.426528
 30
0.0
 10
0.550879
 20
5.499986
 30
0.0
  0
SPLINE
  5
11a
100
AcDbEntity
  8
Page_1
 62
7
100
AcDbSpline
 70
8
 71
3
 72
8
 73
4
 74
0
 40
0
 40
0
 40
0
 40
0
 40
1
 40
1
 40
1
 40
1
 10
0.550879
 20
5.499986
 30
0.0
 10
0.550879
 20
5.573444
 30
0.0
 10
0.491338
 20
5.632986
 30
0.0
 10
0.417880
 20
5.632986
 30
0.0
  0
SPLINE
  5
11b
100
AcDbEntity
  8
Page_1
 62
7
100
AcDbSpline
 70
8
 71
3
 72
8
 73
4
 74
0
 40
0
 40
0
 40
0
 40
0
 40
1
 40
1
 40
1
 40
1
 10
0.417880
 20
5.632986
 30
0.0
 10
0.344421
 20
5.632986
 30
0.0
 10
0.284880
 20
5.573444
 30
0.0
 10
0.284880
 20
5.499986
 30
0.0
  0
LWPOLYLINE
  5
11c
100
AcDbEntity
  8
Page_1
 62
7
100
AcDbPolyline
 90
1
 70
1
 10
1.784871
 20
5.499986
 30
0.0
  0
SPLINE
  5
11d
100
AcDbEntity
  8
Page_1
 62
7
100
AcDbSpline
 70
8
 71
3
 72
8
 73
4
 74
0
 40
0
 40
0
 40
0
 40
0
 40
1
 40
1
 40
1
 40
1
 10
1.034878
 20
4.999987
 30
0.0
 10
1.034878
 20
4.926529
 30
0.0
 10
1.094419
 20
4.866988
 30
0.0
 10
1.167878
 20
4.866988
 30
0.0
  0
SPLINE
  5
11e
100
AcDbEntity
  8
Page_1
 62
7
100
AcDbSpline
 70
8
 71
3
 72
8
 73
4
 74
0
 40
0
 40
0
 40
0
 40
0
 40
1
 40
1
 40
1
 40
1
 10
1.167878
 20
4.866988
 30
0.0
 10
1.241336
 20
4.866988
 30
0.0
 10
1.300877
 20
4.926529
 30
0.0
 10
1.300877
 20
4.999987
 30
0.0
  0
SPLINE
  5
11f
100
AcDbEntity
  8
Page_1
 62
7
100
AcDbSpline
 70
8
 71
3
 72
8
 73
4
 74
0
 40
0
 40
0
 40
0
 40
0
 40
1
 40
1
 40
1
 40
1
 10
1.300877
 20
4.999987
 30
0.0
 10
1.300877
 20
5.073446
 30
0.0
 10
1.241336
 20
5.132987
 30
0.0
 10
1.167878
 20
5.132987
 30
0.0
  0
SPLINE
  5
120
100
AcDbEntity
  8
Page_1
 62
7
100
AcDbSpline
 70
8
 71
3
 72
8
 73
4
 74
0
 40
0
 40
0
 40
0
 40
0
 40
1
 40
1
 40
1
 40
1
 10
1.167878
 20
5.132987
 30
0.0
 10
1.094419
 20
5.132987
 30
0.0
 10
1.034878
 20
5.073446
 30
0.0
 10
1.034878
 20
4.999987
 30
0.0
  0
LWPOLYLINE
  5
121
100
AcDbEntity
  8
Page_1
 62
7
100
AcDbPolyline
 90
1
 70
1
 10
0.284880
 20
5.499986
 30
0.0
  0
SPLINE
  5
122
100
AcDbEntity
  8
Page_1
 62
7
100
AcDbSpline
 70
8
 71
3
 72
8
 73
4
 74
0
 40
0
 40
0
 40
0
 40
0
 40
1
 40
1
 40
1
 40
1
 10
0.605379
 20
1.249997
 30
0.0
 10
0.605379
 20
0.939331
 30
0.0
 10
0.857212
 20
0.687498
 30
0.0
 10
1.167878
 20
0.687498
 30
0.0
  0
SPLINE
  5
123
100
AcDbEntity
  8
Page_1
 62
7
100
AcDbSpline
 70
8
 71
3
 72
8
 73
4
 74
0
 40
0
 40
0
 40
0
 40
0
 40
1
 40
1
 40
1
 40
1
 10
1.167878
 20
0.687498
 30
0.0
 10
1.478544
 20
0.687498
 30
0.0
 10
1.730376
 20
0.939331
 30
0.0
 10
1.730376
 20
1.249997
 30
0.0
  0
SPLINE
  5
124
100
AcDbEntity
  8
Page_1
 62
7
100
AcDbSpline
 70
8
 71
3
 72
8
 73
4
 74
0
 40
0
 40
0
 40
0
 40
0
 40
1
 40
1
 40
1
 40
1
 10
1.730376
 20
1.249997
 30
0.0
 10
1.730376
 20
1.560663
 30
0.0
 10
1.478544
 20
1.812495
 30
0.0
 10
1.167878
 20
1.812495
 30
0.0
  0
SPLINE
  5
125
100
AcDbEntity
  8
Page_1
 62
7
100
AcDbSpline
 70
8
 71
3
 72
8
 73
4
 74
0
 40
0
 40
0
 40
0
 40
0
 40
1
 40
1
 40
1
 40
1
 10
1.167878
 20
1.812495
 30
0.0
 10
0.857212
 20
1.812495
 30
0.0
 10
0.605379
 20
1.560663
 30
0.0
 10
0.605379
 20
1.249997
 30
0.0
  0
LWPOLYLINE
  5
126
100
AcDbEntity
  8
Page_1
 62
7
100
AcDbPolyline
 90
1
 70
1
 10
1.034878
 20
4.999987
 30
0.0
  0
SPLINE
  5
127
100
AcDbEntity
  8
Page_1
 62
7
100
AcDbSpline
 70
8
 71
3
 72
8
 73
4
 74
0
 40
0
 40
0
 40
0
 40
0
 40
1
 40
1
 40
1
 40
1
 10
7.752092
 20
3.887435
 30
0.0
 10
7.751356
 20
4.025504
 30
0.0
 10
7.638842
 20
4.136837
 30
0.0
 10
7.500773
 20
4.136101
 30
0.0
  0
SPLINE
  5
128
100
AcDbEntity
  8
Page_1
 62
7
100
AcDbSpline
 70
8
 71
3
 72
8
 73
4
 74
0
 40
0
 40
0
 40
0
 40
0
 40
1
 40
1
 40
1
 40
1
 10
9.000755
 20
4.144059
 30
0.0
 10
8.862686
 20
4.143323
 30
0.0
 10
8.751353
 20
4.030809
 30
0.0
 10
8.752089
 20
3.892740
 30
0.0
  0
SPLINE
  5
129
100
AcDbEntity
  8
Page_1
 62
7
100
AcDbSpline
 70
8
 71
3
 72
8
 73
4
 74
0
 40
0
 40
0
 40
0
 40
0
 40
1
 40
1
 40
1
 40
1
 10
8.345965
 20
3.921532
 30
0.0
 10
8.397632
 20
3.973740
 30
0.0
 10
8.397187
 20
4.057962
 30
0.0
 10
8.344965
 20
4.109615
 30
0.0
  0
SPLINE
  5
12a
100
AcDbEntity
  8
Page_1
 62
7
100
AcDbSpline
 70
8
 71
3
 72
8
 73
4
 74
0
 40
0
 40
0
 40
0
 40
0
 40
1
 40
1
 40
1
 40
1
 10
8.344965
 20
4.109615
 30
0.0
 10
8.292757
 20
4.161281
 30
0.0
 10
8.208549
 20
4.160837
 30
0.0
 10
8.156882
 20
4.108615
 30
0.0
  0
SPLINE
  5
12b
100
AcDbEntity
  8
Page_1
 62
7
100
AcDbSpline
 70
8
 71
3
 72
8
 73
4
 74
0
 40
0
 40
0
 40
0
 40
0
 40
1
 40
1
 40
1
 40
1
 10
8.156882
 20
4.108615
 30
0.0
 10
8.105216
 20
4.056407
 30
0.0
 10
8.105660
 20
3.972198
 30
0.0
 10
8.157882
 20
3.920532
 30
0.0
  0
SPLINE
  5
12c
100
AcDbEntity
  8
Page_1
 62
7
100
AcDbSpline
 70
8
 71
3
 72
8
 73
4
 74
0
 40
0
 40
0
 40
0
 40
0
 40
1
 40
1
 40
1
 40
1
 10
8.157882
 20
3.920532
 30
0.0
 10
8.210091
 20
3.868865
 30
0.0
 10
8.294299
 20
3.869324
 30
0.0
 10
8.345965
 20
3.921532
 30
0.0
  0
LWPOLYLINE
  5
12d
100
AcDbEntity
  8
Page_1
 62
7
100
AcDbPolyline
 90
1
 70
1
 10
0.605379
 20
1.249997
 30
0.0
  0
SPLINE
  5
12e
100
AcDbEntity
  8
Page_1
 62
7
100
AcDbSpline
 70
8
 71
3
 72
8
 73
4
 74
0
 40
0
 40
0
 40
0
 40
0
 40
1
 40
1
 40
1
 40
1
 10
8.349951
 20
3.171548
 30
0.0
 10
8.401618
 20
3.223756
 30
0.0
 10
8.401173
 20
3.307978
 30
0.0
 10
8.348951
 20
3.359630
 30
0.0
  0
SPLINE
  5
12f
100
AcDbEntity
  8
Page_1
 62
7
100
AcDbSpline
 70
8
 71
3
 72
8
 73
4
 74
0
 40
0
 40
0
 40
0
 40
0
 40
1
 40
1
 40
1
 40
1
 10
8.348951
 20
3.359630
 30
0.0
 10
8.296743
 20
3.411297
 30
0.0
 10
8.212535
 20
3.410853
 30
0.0
 10
8.160868
 20
3.358630
 30
0.0
  0
SPLINE
  5
130
100
AcDbEntity
  8
Page_1
 62
7
100
AcDbSpline
 70
8
 71
3
 72
8
 73
4
 74
0
 40
0
 40
0
 40
0
 40
0
 40
1
 40
1
 40
1
 40
1
 10
8.160868
 20
3.358630
 30
0.0
 10
8.109202
 20
3.306422
 30
0.0
 10
8.109646
 20
3.222214
 30
0.0
 10
8.161868
 20
3.170548
 30
0.0
  0
SPLINE
  5
131
100
AcDbEntity
  8
Page_1
 62
7
100
AcDbSpline
 70
8
 71
3
 72
8
 73
4
 74
0
 40
0
 40
0
 40
0
 40
0
 40
1
 40
1
 40
1
 40
1
 10
8.161868
 20
3.170548
 30
0.0
 10
8.214077
 20
3.118881
 30
0.0
 10
8.298285
 20
3.119339
 30
0.0
 10
8.349951
 20
3.171548
 30
0.0
  0
LWPOLYLINE
  5
132
100
AcDbEntity
  8
Page_1
 62
7
100
AcDbPolyline
 90
1
 70
1
 10
8.345965
 20
3.921532
 30
0.0
  0
LWPOLYLINE
  5
133
100
AcDbEntity
  8
Page_1
 62
7
100
AcDbPolyline
 90
1
 70
1
 10
8.349951
 20
3.171548
 30
0.0
  0
LWPOLYLINE
  5
134
100
AcDbEntity
  8
Page_1
 62
7
100
AcDbPolyline
 90
2
 70
0
 10
7.757397
 20
2.887451
 30
0.0
 10
8.757381
 20
2.892757
 30
0.0
  0
LWPOLYLINE
  5
135
100
AcDbEntity
  8
Page_1
 62
7
100
AcDbPolyline
 90
2
 70
0
 10
7.752092
 20
3.887435
 30
0.0
 10
7.757397
 20
2.887451
 30
0.0
  0
LWPOLYLINE
  5
136
100
AcDbEntity
  8
Page_1
 62
7
100
AcDbPolyline
 90
2
 70
0
 10
6.375790
 20
4.130129
 30
0.0
 10
7.500773
 20
4.136101
 30
0.0
  0
LWPOLYLINE
  5
137
100
AcDbEntity
  8
Page_1
 62
7
100
AcDbPolyline
 90
2
 70
0
 10
6.373137
 20
4.630127
 30
0.0
 10
6.375790
 20
4.130142
 30
0.0
  0
LWPOLYLINE
  5
138
100
AcDbEntity
  8
Page_1
 62
7
100
AcDbPolyline
 90
2
 70
0
 10
10.123072
 20
4.650016
 30
0.0
 10
6.373137
 20
4.630127
 30
0.0
  0
LWPOLYLINE
  5
139
100
AcDbEntity
  8
Page_1
 62
7
100
AcDbPolyline
 90
2
 70
0
 10
10.125725
 20
4.150031
 30
0.0
 10
10.123072
 20
4.650030
 30
0.0
  0
LWPOLYLINE
  5
13a
100
AcDbEntity
  8
Page_1
 62
7
100
AcDbPolyline
 90
2
 70
0
 10
9.000755
 20
4.144059
 30
0.0
 10
10.125739
 20
4.150031
 30
0.0
  0
SPLINE
  5
13b
100
AcDbEntity
  8
Page_1
 62
7
100
AcDbSpline
 70
8
 71
3
 72
8
 73
4
 74
0
 40
0
 40
0
 40
0
 40
0
 40
1
 40
1
 40
1
 40
1
 10
7.500745
 20
0.914573
 30
0.0
 10
7.500745
 20
0.776504
 30
0.0
 10
7.612675
 20
0.664573
 30
0.0
 10
7.750745
 20
0.664573
 30
0.0
  0
SPLINE
  5
13c
100
AcDbEntity
  8
Page_1
 62
7
100
AcDbSpline
 70
8
 71
3
 72
8
 73
4
 74
0
 40
0
 40
0
 40
0
 40
0
 40
1
 40
1
 40
1
 40
1
 10
6.250748
 20
0.664573
 30
0.0
 10
6.388817
 20
0.664573
 30
0.0
 10
6.500748
 20
0.776504
 30
0.0
 10
6.500748
 20
0.914573
 30
0.0
  0
SPLINE
  5
13d
100
AcDbEntity
  8
Page_1
 62
7
100
AcDbSpline
 70
8
 71
3
 72
8
 73
4
 74
0
 40
0
 40
0
 40
0
 40
0
 40
1
 40
1
 40
1
 40
1
 10
6.867747
 20
0.789573
 30
0.0
 10
6.867747
 20
0.716115
 30
0.0
 10
6.927288
 20
0.656573
 30
0.0
 10
7.000746
 20
0.656573
 30
0.0
  0
SPLINE
  5
13e
100
AcDbEntity
  8
Page_1
 62
7
100
AcDbSpline
 70
8
 71
3
 72
8
 73
4
 74
0
 40
0
 40
0
 40
0
 40
0
 40
1
 40
1
 40
1
 40
1
 10
7.000746
 20
0.656573
 30
0.0
 10
7.074205
 20
0.656573
 30
0.0
 10
7.133746
 20
0.716115
 30
0.0
 10
7.133746
 20
0.789573
 30
0.0
  0
SPLINE
  5
13f
100
AcDbEntity
  8
Page_1
 62
7
100
AcDbSpline
 70
8
 71
3
 72
8
 73
4
 74
0
 40
0
 40
0
 40
0
 40
0
 40
1
 40
1
 40
1
 40
1
 10
7.133746
 20
0.789573
 30
0.0
 10
7.133746
 20
0.863031
 30
0.0
 10
7.074205
 20
0.922573
 30
0.0
 10
7.000746
 20
0.922573
 30
0.0
  0
SPLINE
  5
140
100
AcDbEntity
  8
Page_1
 62
7
100
AcDbSpline
 70
8
 71
3
 72
8
 73
4
 74
0
 40
0
 40
0
 40
0
 40
0
 40
1
 40
1
 40
1
 40
1
 10
7.000746
 20
0.922573
 30
0.0
 10
6.927288
 20
0.922573
 30
0.0
 10
6.867747
 20
0.863031
 30
0.0
 10
6.867747
 20
0.789573
 30
0.0
  0
LWPOLYLINE
  5
141
100
AcDbEntity
  8
Page_1
 62
7
100
AcDbPolyline
 90
2
 70
0
 10
8.757381
 20
2.892757
 30
0.0
 10
8.752075
 20
3.892740
 30
0.0
  0
SPLINE
  5
142
100
AcDbEntity
  8
Page_1
 62
7
100
AcDbSpline
 70
8
 71
3
 72
8
 73
4
 74
0
 40
0
 40
0
 40
0
 40
0
 40
1
 40
1
 40
1
 40
1
 10
6.867747
 20
1.539566
 30
0.0
 10
6.867747
 20
1.466107
 30
0.0
 10
6.927288
 20
1.406566
 30
0.0
 10
7.000746
 20
1.406566
 30
0.0
  0
SPLINE
  5
143
100
AcDbEntity
  8
Page_1
 62
7
100
AcDbSpline
 70
8
 71
3
 72
8
 73
4
 74
0
 40
0
 40
0
 40
0
 40
0
 40
1
 40
1
 40
1
 40
1
 10
7.000746
 20
1.406566
 30
0.0
 10
7.074205
 20
1.406566
 30
0.0
 10
7.133746
 20
1.466107
 30
0.0
 10
7.133746
 20
1.539566
 30
0.0
  0
SPLINE
  5
144
100
AcDbEntity
  8
Page_1
 62
7
100
AcDbSpline
 70
8
 71
3
 72
8
 73
4
 74
0
 40
0
 40
0
 40
0
 40
0
 40
1
 40
1
 40
1
 40
1
 10
7.133746
 20
1.539566
 30
0.0
 10
7.133746
 20
1.613024
 30
0.0
 10
7.074205
 20
1.672565
 30
0.0
 10
7.000746
 20
1.672565
 30
0.0
  0
SPLINE
  5
145
100
AcDbEntity
  8
Page_1
 62
7
100
AcDbSpline
 70
8
 71
3
 72
8
 73
4
 74
0
 40
0
 40
0
 40
0
 40
0
 40
1
 40
1
 40
1
 40
1
 10
7.000746
 20
1.672565
 30
0.0
 10
6.927288
 20
1.672565
 30
0.0
 10
6.867747
 20
1.613024
 30
0.0
 10
6.867747
 20
1.539566
 30
0.0
  0
LWPOLYLINE
  5
146
100
AcDbEntity
  8
Page_1
 62
7
100
AcDbPolyline
 90
1
 70
1
 10
6.867747
 20
0.789573
 30
0.0
  0
LWPOLYLINE
  5
147
100
AcDbEntity
  8
Page_1
 62
7
100
AcDbPolyline
 90
1
 70
1
 10
6.867747
 20
1.539566
 30
0.0
  0
LWPOLYLINE
  5
148
100
AcDbEntity
  8
Page_1
 62
7
100
AcDbPolyline
 90
2
 70
0
 10
7.500745
 20
1.914565
 30
0.0
 10
6.500748
 20
1.914565
 30
0.0
  0
LWPOLYLINE
  5
149
100
AcDbEntity
  8
Page_1
 62
7
100
AcDbPolyline
 90
2
 70
0
 10
7.500745
 20
0.914573
 30
0.0
 10
7.500745
 20
1.914570
 30
0.0
  0
LWPOLYLINE
  5
14a
100
AcDbEntity
  8
Page_1
 62
7
100
AcDbPolyline
 90
2
 70
0
 10
8.250743
 20
0.664573
 30
0.0
 10
7.750745
 20
0.664573
 30
0.0
  0
LWPOLYLINE
  5
14b
100
AcDbEntity
  8
Page_1
 62
7
100
AcDbPolyline
 90
2
 70
0
 10
8.250743
 20
0.164575
 30
0.0
 10
8.250743
 20
0.664573
 30
0.0
  0
LWPOLYLINE
  5
14c
100
AcDbEntity
  8
Page_1
 62
7
100
AcDbPolyline
 90
2
 70
0
 10
5.750750
 20
0.164575
 30
0.0
 10
8.250743
 20
0.164575
 30
0.0
  0
LWPOLYLINE
  5
14d
100
AcDbEntity
  8
Page_1
 62
7
100
AcDbPolyline
 90
2
 70
0
 10
5.750750
 20
0.664573
 30
0.0
 10
5.750750
 20
0.164575
 30
0.0
  0
LWPOLYLINE
  5
14e
100
AcDbEntity
  8
Page_1
 62
7
100
AcDbPolyline
 90
2
 70
0
 10
6.250748
 20
0.664573
 30
0.0
 10
5.750750
 20
0.664573
 30
0.0
  0
SPLINE
  5
14f
100
AcDbEntity
  8
Page_1
 62
7
100
AcDbSpline
 70
8
 71
3
 72
8
 73
4
 74
0
 40
0
 40
0
 40
0
 40
0
 40
1
 40
1
 40
1
 40
1
 10
6.495762
 20
2.232800
 30
0.0
 10
6.357692
 20
2.233050
 30
0.0
 10
6.245554
 20
2.121328
 30
0.0
 10
6.245304
 20
1.983259
 30
0.0
  0
SPLINE
  5
150
100
AcDbEntity
  8
Page_1
 62
7
100
AcDbSpline
 70
8
 71
3
 72
8
 73
4
 74
0
 40
0
 40
0
 40
0
 40
0
 40
1
 40
1
 40
1
 40
1
 10
6.248040
 20
3.483255
 30
0.0
 10
6.247790
 20
3.345186
 30
0.0
 10
6.359512
 20
3.233047
 30
0.0
 10
6.497581
 20
3.232797
 30
0.0
  0
SPLINE
  5
151
100
AcDbEntity
  8
Page_1
 62
7
100
AcDbSpline
 70
8
 71
3
 72
8
 73
4
 74
0
 40
0
 40
0
 40
0
 40
0
 40
1
 40
1
 40
1
 40
1
 10
6.465887
 20
2.826896
 30
0.0
 10
6.414040
 20
2.878923
 30
0.0
 10
6.329831
 20
2.879090
 30
0.0
 10
6.277804
 20
2.827243
 30
0.0
  0
SPLINE
  5
152
100
AcDbEntity
  8
Page_1
 62
7
100
AcDbSpline
 70
8
 71
3
 72
8
 73
4
 74
0
 40
0
 40
0
 40
0
 40
0
 40
1
 40
1
 40
1
 40
1
 10
6.277804
 20
2.827243
 30
0.0
 10
6.225762
 20
2.775396
 30
0.0
 10
6.225609
 20
2.691188
 30
0.0
 10
6.277457
 20
2.639146
 30
0.0
  0
SPLINE
  5
153
100
AcDbEntity
  8
Page_1
 62
7
100
AcDbSpline
 70
8
 71
3
 72
8
 73
4
 74
0
 40
0
 40
0
 40
0
 40
0
 40
1
 40
1
 40
1
 40
1
 10
6.277457
 20
2.639146
 30
0.0
 10
6.329304
 20
2.587119
 30
0.0
 10
6.413512
 20
2.586966
 30
0.0
 10
6.465539
 20
2.638813
 30
0.0
  0
SPLINE
  5
154
100
AcDbEntity
  8
Page_1
 62
7
100
AcDbSpline
 70
8
 71
3
 72
8
 73
4
 74
0
 40
0
 40
0
 40
0
 40
0
 40
1
 40
1
 40
1
 40
1
 10
6.465539
 20
2.638813
 30
0.0
 10
6.517581
 20
2.690646
 30
0.0
 10
6.517734
 20
2.774854
 30
0.0
 10
6.465887
 20
2.826896
 30
0.0
  0
LWPOLYLINE
  5
155
100
AcDbEntity
  8
Page_1
 62
7
100
AcDbPolyline
 90
2
 70
0
 10
6.500748
 20
1.914565
 30
0.0
 10
6.500748
 20
0.914567
 30
0.0
  0
SPLINE
  5
156
100
AcDbEntity
  8
Page_1
 62
7
100
AcDbSpline
 70
8
 71
3
 72
8
 73
4
 74
0
 40
0
 40
0
 40
0
 40
0
 40
1
 40
1
 40
1
 40
1
 10
7.215885
 20
2.825521
 30
0.0
 10
7.164038
 20
2.877562
 30
0.0
 10
7.079830
 20
2.877715
 30
0.0
 10
7.027788
 20
2.825868
 30
0.0
  0
SPLINE
  5
157
100
AcDbEntity
  8
Page_1
 62
7
100
AcDbSpline
 70
8
 71
3
 72
8
 73
4
 74
0
 40
0
 40
0
 40
0
 40
0
 40
1
 40
1
 40
1
 40
1
 10
7.027788
 20
2.825868
 30
0.0
 10
6.975760
 20
2.774021
 30
0.0
 10
6.975608
 20
2.689813
 30
0.0
 10
7.027455
 20
2.637771
 30
0.0
  0
SPLINE
  5
158
100
AcDbEntity
  8
Page_1
 62
7
100
AcDbSpline
 70
8
 71
3
 72
8
 73
4
 74
0
 40
0
 40
0
 40
0
 40
0
 40
1
 40
1
 40
1
 40
1
 10
7.027455
 20
2.637771
 30
0.0
 10
7.079288
 20
2.585744
 30
0.0
 10
7.163510
 20
2.585591
 30
0.0
 10
7.215538
 20
2.637438
 30
0.0
  0
SPLINE
  5
159
100
AcDbEntity
  8
Page_1
 62
7
100
AcDbSpline
 70
8
 71
3
 72
8
 73
4
 74
0
 40
0
 40
0
 40
0
 40
0
 40
1
 40
1
 40
1
 40
1
 10
7.215538
 20
2.637438
 30
0.0
 10
7.267579
 20
2.689271
 30
0.0
 10
7.267732
 20
2.773479
 30
0.0
 10
7.215885
 20
2.825521
 30
0.0
  0
LWPOLYLINE
  5
15a
100
AcDbEntity
  8
Page_1
 62
7
100
AcDbPolyline
 90
1
 70
1
 10
6.465887
 20
2.826896
 30
0.0
  0
LWPOLYLINE
  5
15b
100
AcDbEntity
  8
Page_1
 62
7
100
AcDbPolyline
 90
1
 70
1
 10
7.215885
 20
2.825521
 30
0.0
  0
LWPOLYLINE
  5
15c
100
AcDbEntity
  8
Page_1
 62
7
100
AcDbPolyline
 90
2
 70
0
 10
7.495745
 20
2.230967
 30
0.0
 10
7.497578
 20
3.230964
 30
0.0
  0
LWPOLYLINE
  5
15d
100
AcDbEntity
  8
Page_1
 62
7
100
AcDbPolyline
 90
2
 70
0
 10
6.495762
 20
2.232800
 30
0.0
 10
7.495759
 20
2.230967
 30
0.0
  0
LWPOLYLINE
  5
15e
100
AcDbEntity
  8
Page_1
 62
7
100
AcDbPolyline
 90
2
 70
0
 10
6.243234
 20
0.858260
 30
0.0
 10
6.245290
 20
1.983258
 30
0.0
  0
LWPOLYLINE
  5
15f
100
AcDbEntity
  8
Page_1
 62
7
100
AcDbPolyline
 90
2
 70
0
 10
5.743236
 20
0.859176
 30
0.0
 10
6.243234
 20
0.858259
 30
0.0
  0
LWPOLYLINE
  5
160
100
AcDbEntity
  8
Page_1
 62
7
100
AcDbPolyline
 90
2
 70
0
 10
5.750111
 20
4.609155
 30
0.0
 10
5.743250
 20
0.859165
 30
0.0
  0
LWPOLYLINE
  5
161
100
AcDbEntity
  8
Page_1
 62
7
100
AcDbPolyline
 90
2
 70
0
 10
6.250109
 20
4.608238
 30
0.0
 10
5.750111
 20
4.609155
 30
0.0
  0
LWPOLYLINE
  5
162
100
AcDbEntity
  8
Page_1
 62
7
100
AcDbPolyline
 90
2
 70
0
 10
6.248040
 20
3.483255
 30
0.0
 10
6.250095
 20
4.608252
 30
0.0
  0
SPLINE
  5
163
100
AcDbEntity
  8
Page_1
 62
7
100
AcDbSpline
 70
8
 71
3
 72
8
 73
4
 74
0
 40
0
 40
0
 40
0
 40
0
 40
1
 40
1
 40
1
 40
1
 10
11.792012
 20
0.939378
 30
0.0
 10
11.792012
 20
0.801309
 30
0.0
 10
11.680082
 20
0.689379
 30
0.0
 10
11.542013
 20
0.689379
 30
0.0
  0
SPLINE
  5
164
100
AcDbEntity
  8
Page_1
 62
7
100
AcDbSpline
 70
8
 71
3
 72
8
 73
4
 74
0
 40
0
 40
0
 40
0
 40
0
 40
1
 40
1
 40
1
 40
1
 10
13.042009
 20
0.689379
 30
0.0
 10
12.903940
 20
0.689379
 30
0.0
 10
12.792010
 20
0.801309
 30
0.0
 10
12.792010
 20
0.939378
 30
0.0
  0
SPLINE
  5
165
100
AcDbEntity
  8
Page_1
 62
7
100
AcDbSpline
 70
8
 71
3
 72
8
 73
4
 74
0
 40
0
 40
0
 40
0
 40
0
 40
1
 40
1
 40
1
 40
1
 10
12.425011
 20
0.814379
 30
0.0
 10
12.425011
 20
0.740920
 30
0.0
 10
12.365469
 20
0.681379
 30
0.0
 10
12.292011
 20
0.681379
 30
0.0
  0
SPLINE
  5
166
100
AcDbEntity
  8
Page_1
 62
7
100
AcDbSpline
 70
8
 71
3
 72
8
 73
4
 74
0
 40
0
 40
0
 40
0
 40
0
 40
1
 40
1
 40
1
 40
1
 10
12.292011
 20
0.681379
 30
0.0
 10
12.218553
 20
0.681379
 30
0.0
 10
12.159011
 20
0.740920
 30
0.0
 10
12.159011
 20
0.814379
 30
0.0
  0
SPLINE
  5
167
100
AcDbEntity
  8
Page_1
 62
7
100
AcDbSpline
 70
8
 71
3
 72
8
 73
4
 74
0
 40
0
 40
0
 40
0
 40
0
 40
1
 40
1
 40
1
 40
1
 10
12.159011
 20
0.814379
 30
0.0
 10
12.159011
 20
0.887837
 30
0.0
 10
12.218553
 20
0.947378
 30
0.0
 10
12.292011
 20
0.947378
 30
0.0
  0
SPLINE
  5
168
100
AcDbEntity
  8
Page_1
 62
7
100
AcDbSpline
 70
8
 71
3
 72
8
 73
4
 74
0
 40
0
 40
0
 40
0
 40
0
 40
1
 40
1
 40
1
 40
1
 10
12.292011
 20
0.947378
 30
0.0
 10
12.365469
 20
0.947378
 30
0.0
 10
12.425011
 20
0.887837
 30
0.0
 10
12.425011
 20
0.814379
 30
0.0
  0
LWPOLYLINE
  5
169
100
AcDbEntity
  8
Page_1
 62
7
100
AcDbPolyline
 90
2
 70
0
 10
7.497578
 20
3.230964
 30
0.0
 10
6.497581
 20
3.232797
 30
0.0
  0
SPLINE
  5
16a
100
AcDbEntity
  8
Page_1
 62
7
100
AcDbSpline
 70
8
 71
3
 72
8
 73
4
 74
0
 40
0
 40
0
 40
0
 40
0
 40
1
 40
1
 40
1
 40
1
 10
12.425011
 20
1.564371
 30
0.0
 10
12.425011
 20
1.490913
 30
0.0
 10
12.365469
 20
1.431371
 30
0.0
 10
12.292011
 20
1.431371
 30
0.0
  0
SPLINE
  5
16b
100
AcDbEntity
  8
Page_1
 62
7
100
AcDbSpline
 70
8
 71
3
 72
8
 73
4
 74
0
 40
0
 40
0
 40
0
 40
0
 40
1
 40
1
 40
1
 40
1
 10
12.292011
 20
1.431371
 30
0.0
 10
12.218553
 20
1.431371
 30
0.0
 10
12.159011
 20
1.490913
 30
0.0
 10
12.159011
 20
1.564371
 30
0.0
  0
SPLINE
  5
16c
100
AcDbEntity
  8
Page_1
 62
7
100
AcDbSpline
 70
8
 71
3
 72
8
 73
4
 74
0
 40
0
 40
0
 40
0
 40
0
 40
1
 40
1
 40
1
 40
1
 10
12.159011
 20
1.564371
 30
0.0
 10
12.159011
 20
1.637829
 30
0.0
 10
12.218553
 20
1.697371
 30
0.0
 10
12.292011
 20
1.697371
 30
0.0
  0
SPLINE
  5
16d
100
AcDbEntity
  8
Page_1
 62
7
100
AcDbSpline
 70
8
 71
3
 72
8
 73
4
 74
0
 40
0
 40
0
 40
0
 40
0
 40
1
 40
1
 40
1
 40
1
 10
12.292011
 20
1.697371
 30
0.0
 10
12.365469
 20
1.697371
 30
0.0
 10
12.425011
 20
1.637829
 30
0.0
 10
12.425011
 20
1.564371
 30
0.0
  0
LWPOLYLINE
  5
16e
100
AcDbEntity
  8
Page_1
 62
7
100
AcDbPolyline
 90
1
 70
1
 10
12.425011
 20
0.814379
 30
0.0
  0
LWPOLYLINE
  5
16f
100
AcDbEntity
  8
Page_1
 62
7
100
AcDbPolyline
 90
1
 70
1
 10
12.425011
 20
1.564371
 30
0.0
  0
LWPOLYLINE
  5
170
100
AcDbEntity
  8
Page_1
 62
7
100
AcDbPolyline
 90
2
 70
0
 10
11.792012
 20
1.939370
 30
0.0
 10
12.792010
 20
1.939370
 30
0.0
  0
LWPOLYLINE
  5
171
100
AcDbEntity
  8
Page_1
 62
7
100
AcDbPolyline
 90
2
 70
0
 10
11.792012
 20
0.939378
 30
0.0
 10
11.792012
 20
1.939376
 30
0.0
  0
LWPOLYLINE
  5
172
100
AcDbEntity
  8
Page_1
 62
7
100
AcDbPolyline
 90
2
 70
0
 10
11.042014
 20
0.689379
 30
0.0
 10
11.542013
 20
0.689379
 30
0.0
  0
LWPOLYLINE
  5
173
100
AcDbEntity
  8
Page_1
 62
7
100
AcDbPolyline
 90
2
 70
0
 10
11.042014
 20
0.189380
 30
0.0
 10
11.042014
 20
0.689379
 30
0.0
  0
LWPOLYLINE
  5
174
100
AcDbEntity
  8
Page_1
 62
7
100
AcDbPolyline
 90
2
 70
0
 10
13.542008
 20
0.189380
 30
0.0
 10
11.042014
 20
0.189380
 30
0.0
  0
LWPOLYLINE
  5
175
100
AcDbEntity
  8
Page_1
 62
7
100
AcDbPolyline
 90
2
 70
0
 10
13.542008
 20
0.689379
 30
0.0
 10
13.542008
 20
0.189380
 30
0.0
  0
LWPOLYLINE
  5
176
100
AcDbEntity
  8
Page_1
 62
7
100
AcDbPolyline
 90
2
 70
0
 10
13.042009
 20
0.689379
 30
0.0
 10
13.542008
 20
0.689379
 30
0.0
  0
SPLINE
  5
177
100
AcDbEntity
  8
Page_1
 62
7
100
AcDbSpline
 70
8
 71
3
 72
8
 73
4
 74
0
 40
0
 40
0
 40
0
 40
0
 40
1
 40
1
 40
1
 40
1
 10
12.100303
 20
3.541644
 30
0.0
 10
12.100303
 20
3.607949
 30
0.0
 10
12.073970
 20
3.671532
 30
0.0
 10
12.027081
 20
3.718421
 30
0.0
  0
SPLINE
  5
178
100
AcDbEntity
  8
Page_1
 62
7
100
AcDbSpline
 70
8
 71
3
 72
8
 73
4
 74
0
 40
0
 40
0
 40
0
 40
0
 40
1
 40
1
 40
1
 40
1
 10
10.983320
 20
4.762183
 30
0.0
 10
10.936431
 20
4.809071
 30
0.0
 10
10.872848
 20
4.835405
 30
0.0
 10
10.806542
 20
4.835405
 30
0.0
  0
SPLINE
  5
179
100
AcDbEntity
  8
Page_1
 62
7
100
AcDbSpline
 70
8
 71
3
 72
8
 73
4
 74
0
 40
0
 40
0
 40
0
 40
0
 40
1
 40
1
 40
1
 40
1
 10
11.397527
 20
5.762180
 30
0.0
 10
11.350638
 20
5.809069
 30
0.0
 10
11.287055
 20
5.835402
 30
0.0
 10
11.220750
 20
5.835402
 30
0.0
  0
SPLINE
  5
17a
100
AcDbEntity
  8
Page_1
 62
7
100
AcDbSpline
 70
8
 71
3
 72
8
 73
4
 74
0
 40
0
 40
0
 40
0
 40
0
 40
1
 40
1
 40
1
 40
1
 10
13.100301
 20
3.955865
 30
0.0
 10
13.100301
 20
4.022171
 30
0.0
 10
13.073967
 20
4.085754
 30
0.0
 10
13.027079
 20
4.132642
 30
0.0
  0
LWPOLYLINE
  5
17b
100
AcDbEntity
  8
Page_1
 62
7
100
AcDbPolyline
 90
2
 70
0
 10
12.792010
 20
1.939370
 30
0.0
 10
12.792010
 20
0.939373
 30
0.0
  0
LWPOLYLINE
  5
17c
100
AcDbEntity
  8
Page_1
 62
7
100
AcDbPolyline
 90
2
 70
0
 10
12.100303
 20
2.559424
 30
0.0
 10
13.100301
 20
2.559424
 30
0.0
  0
LWPOLYLINE
  5
17d
100
AcDbEntity
  8
Page_1
 62
7
100
AcDbPolyline
 90
2
 70
0
 10
12.100303
 20
3.541644
 30
0.0
 10
12.100303
 20
2.559410
 30
0.0
  0
LWPOLYLINE
  5
17e
100
AcDbEntity
  8
Page_1
 62
7
100
AcDbPolyline
 90
2
 70
0
 10
10.983320
 20
4.762183
 30
0.0
 10
12.027081
 20
3.718421
 30
0.0
  0
LWPOLYLINE
  5
17f
100
AcDbEntity
  8
Page_1
 62
7
100
AcDbPolyline
 90
2
 70
0
 10
5.800319
 20
4.835418
 30
0.0
 10
10.806542
 20
4.835418
 30
0.0
  0
LWPOLYLINE
  5
180
100
AcDbEntity
  8
Page_1
 62
7
100
AcDbPolyline
 90
2
 70
0
 10
5.800319
 20
5.835416
 30
0.0
 10
5.800319
 20
4.835418
 30
0.0
  0
LWPOLYLINE
  5
181
100
AcDbEntity
  8
Page_1
 62
7
100
AcDbPolyline
 90
2
 70
0
 10
11.220750
 20
5.835416
 30
0.0
 10
5.800319
 20
5.835416
 30
0.0
  0
LWPOLYLINE
  5
182
100
AcDbEntity
  8
Page_1
 62
7
100
AcDbPolyline
 90
2
 70
0
 10
13.027079
 20
4.132642
 30
0.0
 10
11.397527
 20
5.762194
 30
0.0
  0
SPLINE
  5
183
100
AcDbEntity
  8
Page_1
 62
7
100
AcDbSpline
 70
8
 71
3
 72
8
 73
4
 74
0
 40
0
 40
0
 40
0
 40
0
 40
1
 40
1
 40
1
 40
1
 10
11.006820
 20
1.671149
 30
0.0
 10
11.038347
 20
1.671315
 30
0.0
 10
11.063764
 20
1.697010
 30
0.0
 10
11.063597
 20
1.728537
 30
0.0
  0
SPLINE
  5
184
100
AcDbEntity
  8
Page_1
 62
7
100
AcDbSpline
 70
8
 71
3
 72
8
 73
4
 74
0
 40
0
 40
0
 40
0
 40
0
 40
1
 40
1
 40
1
 40
1
 10
11.063597
 20
1.728537
 30
0.0
 10
11.063431
 20
1.760065
 30
0.0
 10
11.037736
 20
1.785496
 30
0.0
 10
11.006209
 20
1.785315
 30
0.0
  0
SPLINE
  5
185
100
AcDbEntity
  8
Page_1
 62
7
100
AcDbSpline
 70
8
 71
3
 72
8
 73
4
 74
0
 40
0
 40
0
 40
0
 40
0
 40
1
 40
1
 40
1
 40
1
 10
11.006209
 20
1.785315
 30
0.0
 10
10.974681
 20
1.785148
 30
0.0
 10
10.949250
 20
1.759454
 30
0.0
 10
10.949431
 20
1.727926
 30
0.0
  0
SPLINE
  5
186
100
AcDbEntity
  8
Page_1
 62
7
100
AcDbSpline
 70
8
 71
3
 72
8
 73
4
 74
0
 40
0
 40
0
 40
0
 40
0
 40
1
 40
1
 40
1
 40
1
 10
10.949431
 20
1.727926
 30
0.0
 10
10.949598
 20
1.696399
 30
0.0
 10
10.975292
 20
1.670982
 30
0.0
 10
11.006820
 20
1.671149
 30
0.0
  0
LWPOLYLINE
  5
187
100
AcDbEntity
  8
Page_1
 62
7
100
AcDbPolyline
 90
2
 70
0
 10
13.100301
 20
2.559424
 30
0.0
 10
13.100301
 20
3.955865
 30
0.0
  0
SPLINE
  5
188
100
AcDbEntity
  8
Page_1
 62
7
100
AcDbSpline
 70
8
 71
3
 72
8
 73
4
 74
0
 40
0
 40
0
 40
0
 40
0
 40
1
 40
1
 40
1
 40
1
 10
11.214139
 20
1.920301
 30
0.0
 10
11.245666
 20
1.920467
 30
0.0
 10
11.271083
 20
1.946162
 30
0.0
 10
11.270916
 20
1.977690
 30
0.0
  0
SPLINE
  5
189
100
AcDbEntity
  8
Page_1
 62
7
100
AcDbSpline
 70
8
 71
3
 72
8
 73
4
 74
0
 40
0
 40
0
 40
0
 40
0
 40
1
 40
1
 40
1
 40
1
 10
11.270916
 20
1.977690
 30
0.0
 10
11.270750
 20
2.009217
 30
0.0
 10
11.245055
 20
2.034648
 30
0.0
 10
11.213528
 20
2.034467
 30
0.0
  0
SPLINE
  5
18a
100
AcDbEntity
  8
Page_1
 62
7
100
AcDbSpline
 70
8
 71
3
 72
8
 73
4
 74
0
 40
0
 40
0
 40
0
 40
0
 40
1
 40
1
 40
1
 40
1
 10
11.213528
 20
2.034467
 30
0.0
 10
11.182000
 20
2.034300
 30
0.0
 10
11.156569
 20
2.008606
 30
0.0
 10
11.156750
 20
1.977078
 30
0.0
  0
SPLINE
  5
18b
100
AcDbEntity
  8
Page_1
 62
7
100
AcDbSpline
 70
8
 71
3
 72
8
 73
4
 74
0
 40
0
 40
0
 40
0
 40
0
 40
1
 40
1
 40
1
 40
1
 10
11.156750
 20
1.977078
 30
0.0
 10
11.156917
 20
1.945551
 30
0.0
 10
11.182611
 20
1.920134
 30
0.0
 10
11.214139
 20
1.920301
 30
0.0
  0
LWPOLYLINE
  5
18c
100
AcDbEntity
  8
Page_1
 62
7
100
AcDbPolyline
 90
1
 70
1
 10
11.006820
 20
1.671149
 30
0.0
  0
SPLINE
  5
18d
100
AcDbEntity
  8
Page_1
 62
7
100
AcDbSpline
 70
8
 71
3
 72
8
 73
4
 74
0
 40
0
 40
0
 40
0
 40
0
 40
1
 40
1
 40
1
 40
1
 10
10.140683
 20
1.666468
 30
0.0
 10
10.172211
 20
1.666635
 30
0.0
 10
10.197627
 20
1.692329
 30
0.0
 10
10.197461
 20
1.723857
 30
0.0
  0
SPLINE
  5
18e
100
AcDbEntity
  8
Page_1
 62
7
100
AcDbSpline
 70
8
 71
3
 72
8
 73
4
 74
0
 40
0
 40
0
 40
0
 40
0
 40
1
 40
1
 40
1
 40
1
 10
10.197461
 20
1.723857
 30
0.0
 10
10.197294
 20
1.755385
 30
0.0
 10
10.171600
 20
1.780815
 30
0.0
 10
10.140072
 20
1.780634
 30
0.0
  0
SPLINE
  5
18f
100
AcDbEntity
  8
Page_1
 62
7
100
AcDbSpline
 70
8
 71
3
 72
8
 73
4
 74
0
 40
0
 40
0
 40
0
 40
0
 40
1
 40
1
 40
1
 40
1
 10
10.140072
 20
1.780634
 30
0.0
 10
10.108544
 20
1.780468
 30
0.0
 10
10.083114
 20
1.754773
 30
0.0
 10
10.083294
 20
1.723246
 30
0.0
  0
SPLINE
  5
190
100
AcDbEntity
  8
Page_1
 62
7
100
AcDbSpline
 70
8
 71
3
 72
8
 73
4
 74
0
 40
0
 40
0
 40
0
 40
0
 40
1
 40
1
 40
1
 40
1
 10
10.083294
 20
1.723246
 30
0.0
 10
10.083461
 20
1.691718
 30
0.0
 10
10.109155
 20
1.666301
 30
0.0
 10
10.140683
 20
1.666468
 30
0.0
  0
LWPOLYLINE
  5
191
100
AcDbEntity
  8
Page_1
 62
7
100
AcDbPolyline
 90
1
 70
1
 10
11.214139
 20
1.920301
 30
0.0
  0
SPLINE
  5
192
100
AcDbEntity
  8
Page_1
 62
7
100
AcDbSpline
 70
8
 71
3
 72
8
 73
4
 74
0
 40
0
 40
0
 40
0
 40
0
 40
1
 40
1
 40
1
 40
1
 10
9.274560
 20
1.661788
 30
0.0
 10
9.306088
 20
1.661954
 30
0.0
 10
9.331504
 20
1.687649
 30
0.0
 10
9.331338
 20
1.719176
 30
0.0
  0
SPLINE
  5
193
100
AcDbEntity
  8
Page_1
 62
7
100
AcDbSpline
 70
8
 71
3
 72
8
 73
4
 74
0
 40
0
 40
0
 40
0
 40
0
 40
1
 40
1
 40
1
 40
1
 10
9.331338
 20
1.719176
 30
0.0
 10
9.331171
 20
1.750704
 30
0.0
 10
9.305477
 20
1.776134
 30
0.0
 10
9.273949
 20
1.775954
 30
0.0
  0
SPLINE
  5
194
100
AcDbEntity
  8
Page_1
 62
7
100
AcDbSpline
 70
8
 71
3
 72
8
 73
4
 74
0
 40
0
 40
0
 40
0
 40
0
 40
1
 40
1
 40
1
 40
1
 10
9.273949
 20
1.775954
 30
0.0
 10
9.242421
 20
1.775787
 30
0.0
 10
9.216991
 20
1.750093
 30
0.0
 10
9.217171
 20
1.718565
 30
0.0
  0
SPLINE
  5
195
100
AcDbEntity
  8
Page_1
 62
7
100
AcDbSpline
 70
8
 71
3
 72
8
 73
4
 74
0
 40
0
 40
0
 40
0
 40
0
 40
1
 40
1
 40
1
 40
1
 10
9.217171
 20
1.718565
 30
0.0
 10
9.217338
 20
1.687037
 30
0.0
 10
9.243032
 20
1.661621
 30
0.0
 10
9.274560
 20
1.661788
 30
0.0
  0
LWPOLYLINE
  5
196
100
AcDbEntity
  8
Page_1
 62
7
100
AcDbPolyline
 90
1
 70
1
 10
10.140683
 20
1.666468
 30
0.0
  0
SPLINE
  5
197
100
AcDbEntity
  8
Page_1
 62
7
100
AcDbSpline
 70
8
 71
3
 72
8
 73
4
 74
0
 40
0
 40
0
 40
0
 40
0
 40
1
 40
1
 40
1
 40
1
 10
9.466574
 20
3.734032
 30
0.0
 10
9.393115
 20
3.733630
 30
0.0
 10
9.333893
 20
3.673769
 30
0.0
 10
9.334296
 20
3.600310
 30
0.0
  0
SPLINE
  5
198
100
AcDbEntity
  8
Page_1
 62
7
100
AcDbSpline
 70
8
 71
3
 72
8
 73
4
 74
0
 40
0
 40
0
 40
0
 40
0
 40
1
 40
1
 40
1
 40
1
 10
9.334296
 20
3.600310
 30
0.0
 10
9.334699
 20
3.526866
 30
0.0
 10
9.394560
 20
3.467644
 30
0.0
 10
9.468018
 20
3.468033
 30
0.0
  0
LWPOLYLINE
  5
199
100
AcDbEntity
  8
Page_1
 62
7
100
AcDbPolyline
 90
1
 70
1
 10
9.274560
 20
1.661788
 30
0.0
  0
SPLINE
  5
19a
100
AcDbEntity
  8
Page_1
 62
7
100
AcDbSpline
 70
8
 71
3
 72
8
 73
4
 74
0
 40
0
 40
0
 40
0
 40
0
 40
1
 40
1
 40
1
 40
1
 10
9.593004
 20
3.468714
 30
0.0
 10
9.666462
 20
3.469116
 30
0.0
 10
9.725684
 20
3.528977
 30
0.0
 10
9.725281
 20
3.602435
 30
0.0
  0
SPLINE
  5
19b
100
AcDbEntity
  8
Page_1
 62
7
100
AcDbSpline
 70
8
 71
3
 72
8
 73
4
 74
0
 40
0
 40
0
 40
0
 40
0
 40
1
 40
1
 40
1
 40
1
 10
9.725281
 20
3.602435
 30
0.0
 10
9.724892
 20
3.675880
 30
0.0
 10
9.665018
 20
3.735102
 30
0.0
 10
9.591559
 20
3.734713
 30
0.0
  0
LWPOLYLINE
  5
19c
100
AcDbEntity
  8
Page_1
 62
7
100
AcDbPolyline
 90
2
 70
0
 10
9.591573
 20
3.734713
 30
0.0
 10
9.466574
 20
3.734032
 30
0.0
  0
SPLINE
  5
19d
100
AcDbEntity
  8
Page_1
 62
7
100
AcDbSpline
 70
8
 71
3
 72
8
 73
4
 74
0
 40
0
 40
0
 40
0
 40
0
 40
1
 40
1
 40
1
 40
1
 10
10.966542
 20
3.742143
 30
0.0
 10
10.893084
 20
3.741741
 30
0.0
 10
10.833862
 20
3.681880
 30
0.0
 10
10.834265
 20
3.608422
 30
0.0
  0
SPLINE
  5
19e
100
AcDbEntity
  8
Page_1
 62
7
100
AcDbSpline
 70
8
 71
3
 72
8
 73
4
 74
0
 40
0
 40
0
 40
0
 40
0
 40
1
 40
1
 40
1
 40
1
 10
10.834265
 20
3.608422
 30
0.0
 10
10.834653
 20
3.534977
 30
0.0
 10
10.894528
 20
3.475755
 30
0.0
 10
10.967986
 20
3.476144
 30
0.0
  0
LWPOLYLINE
  5
19f
100
AcDbEntity
  8
Page_1
 62
7
100
AcDbPolyline
 90
2
 70
0
 10
9.468004
 20
3.468047
 30
0.0
 10
9.593004
 20
3.468727
 30
0.0
  0
SPLINE
  5
1a0
100
AcDbEntity
  8
Page_1
 62
7
100
AcDbSpline
 70
8
 71
3
 72
8
 73
4
 74
0
 40
0
 40
0
 40
0
 40
0
 40
1
 40
1
 40
1
 40
1
 10
11.092986
 20
3.476825
 30
0.0
 10
11.166444
 20
3.477227
 30
0.0
 10
11.225666
 20
3.537088
 30
0.0
 10
11.225264
 20
3.610547
 30
0.0
  0
SPLINE
  5
1a1
100
AcDbEntity
  8
Page_1
 62
7
100
AcDbSpline
 70
8
 71
3
 72
8
 73
4
 74
0
 40
0
 40
0
 40
0
 40
0
 40
1
 40
1
 40
1
 40
1
 10
11.225264
 20
3.610547
 30
0.0
 10
11.224861
 20
3.683991
 30
0.0
 10
11.165000
 20
3.743213
 30
0.0
 10
11.091542
 20
3.742824
 30
0.0
  0
LWPOLYLINE
  5
1a2
100
AcDbEntity
  8
Page_1
 62
7
100
AcDbPolyline
 90
2
 70
0
 10
11.091542
 20
3.742824
 30
0.0
 10
10.966542
 20
3.742143
 30
0.0
  0
SPLINE
  5
1a3
100
AcDbEntity
  8
Page_1
 62
7
100
AcDbSpline
 70
8
 71
3
 72
8
 73
4
 74
0
 40
0
 40
0
 40
0
 40
0
 40
1
 40
1
 40
1
 40
1
 10
10.999459
 20
3.033326
 30
0.0
 10
11.030986
 20
3.033492
 30
0.0
 10
11.056403
 20
3.059187
 30
0.0
 10
11.056236
 20
3.090714
 30
0.0
  0
SPLINE
  5
1a4
100
AcDbEntity
  8
Page_1
 62
7
100
AcDbSpline
 70
8
 71
3
 72
8
 73
4
 74
0
 40
0
 40
0
 40
0
 40
0
 40
1
 40
1
 40
1
 40
1
 10
11.056236
 20
3.090714
 30
0.0
 10
11.056070
 20
3.122242
 30
0.0
 10
11.030375
 20
3.147673
 30
0.0
 10
10.998848
 20
3.147492
 30
0.0
  0
SPLINE
  5
1a5
100
AcDbEntity
  8
Page_1
 62
7
100
AcDbSpline
 70
8
 71
3
 72
8
 73
4
 74
0
 40
0
 40
0
 40
0
 40
0
 40
1
 40
1
 40
1
 40
1
 10
10.998848
 20
3.147492
 30
0.0
 10
10.967320
 20
3.147325
 30
0.0
 10
10.941889
 20
3.121631
 30
0.0
 10
10.942070
 20
3.090103
 30
0.0
  0
SPLINE
  5
1a6
100
AcDbEntity
  8
Page_1
 62
7
100
AcDbSpline
 70
8
 71
3
 72
8
 73
4
 74
0
 40
0
 40
0
 40
0
 40
0
 40
1
 40
1
 40
1
 40
1
 10
10.942070
 20
3.090103
 30
0.0
 10
10.942237
 20
3.058576
 30
0.0
 10
10.967931
 20
3.033159
 30
0.0
 10
10.999459
 20
3.033326
 30
0.0
  0
LWPOLYLINE
  5
1a7
100
AcDbEntity
  8
Page_1
 62
7
100
AcDbPolyline
 90
2
 70
0
 10
10.967986
 20
3.476144
 30
0.0
 10
11.092986
 20
3.476825
 30
0.0
  0
SPLINE
  5
1a8
100
AcDbEntity
  8
Page_1
 62
7
100
AcDbSpline
 70
8
 71
3
 72
8
 73
4
 74
0
 40
0
 40
0
 40
0
 40
0
 40
1
 40
1
 40
1
 40
1
 10
11.209458
 20
2.786424
 30
0.0
 10
11.240986
 20
2.786590
 30
0.0
 10
11.266402
 20
2.812285
 30
0.0
 10
11.266236
 20
2.843812
 30
0.0
  0
SPLINE
  5
1a9
100
AcDbEntity
  8
Page_1
 62
7
100
AcDbSpline
 70
8
 71
3
 72
8
 73
4
 74
0
 40
0
 40
0
 40
0
 40
0
 40
1
 40
1
 40
1
 40
1
 10
11.266236
 20
2.843812
 30
0.0
 10
11.266069
 20
2.875340
 30
0.0
 10
11.240375
 20
2.900771
 30
0.0
 10
11.208847
 20
2.900590
 30
0.0
  0
SPLINE
  5
1aa
100
AcDbEntity
  8
Page_1
 62
7
100
AcDbSpline
 70
8
 71
3
 72
8
 73
4
 74
0
 40
0
 40
0
 40
0
 40
0
 40
1
 40
1
 40
1
 40
1
 10
11.208847
 20
2.900590
 30
0.0
 10
11.177319
 20
2.900423
 30
0.0
 10
11.151889
 20
2.874729
 30
0.0
 10
11.152069
 20
2.843201
 30
0.0
  0
SPLINE
  5
1ab
100
AcDbEntity
  8
Page_1
 62
7
100
AcDbSpline
 70
8
 71
3
 72
8
 73
4
 74
0
 40
0
 40
0
 40
0
 40
0
 40
1
 40
1
 40
1
 40
1
 10
11.152069
 20
2.843201
 30
0.0
 10
11.152236
 20
2.811674
 30
0.0
 10
11.177930
 20
2.786257
 30
0.0
 10
11.209458
 20
2.786424
 30
0.0
  0
LWPOLYLINE
  5
1ac
100
AcDbEntity
  8
Page_1
 62
7
100
AcDbPolyline
 90
1
 70
1
 10
10.999459
 20
3.033326
 30
0.0
  0
SPLINE
  5
1ad
100
AcDbEntity
  8
Page_1
 62
7
100
AcDbSpline
 70
8
 71
3
 72
8
 73
4
 74
0
 40
0
 40
0
 40
0
 40
0
 40
1
 40
1
 40
1
 40
1
 10
10.133322
 20
3.028645
 30
0.0
 10
10.164850
 20
3.028812
 30
0.0
 10
10.190266
 20
3.054506
 30
0.0
 10
10.190100
 20
3.086034
 30
0.0
  0
SPLINE
  5
1ae
100
AcDbEntity
  8
Page_1
 62
7
100
AcDbSpline
 70
8
 71
3
 72
8
 73
4
 74
0
 40
0
 40
0
 40
0
 40
0
 40
1
 40
1
 40
1
 40
1
 10
10.190100
 20
3.086034
 30
0.0
 10
10.189933
 20
3.117562
 30
0.0
 10
10.164238
 20
3.142992
 30
0.0
 10
10.132711
 20
3.142812
 30
0.0
  0
SPLINE
  5
1af
100
AcDbEntity
  8
Page_1
 62
7
100
AcDbSpline
 70
8
 71
3
 72
8
 73
4
 74
0
 40
0
 40
0
 40
0
 40
0
 40
1
 40
1
 40
1
 40
1
 10
10.132711
 20
3.142812
 30
0.0
 10
10.101183
 20
3.142645
 30
0.0
 10
10.075753
 20
3.116951
 30
0.0
 10
10.075933
 20
3.085423
 30
0.0
  0
SPLINE
  5
1b0
100
AcDbEntity
  8
Page_1
 62
7
100
AcDbSpline
 70
8
 71
3
 72
8
 73
4
 74
0
 40
0
 40
0
 40
0
 40
0
 40
1
 40
1
 40
1
 40
1
 10
10.075933
 20
3.085423
 30
0.0
 10
10.076100
 20
3.053895
 30
0.0
 10
10.101794
 20
3.028479
 30
0.0
 10
10.133322
 20
3.028645
 30
0.0
  0
LWPOLYLINE
  5
1b1
100
AcDbEntity
  8
Page_1
 62
7
100
AcDbPolyline
 90
1
 70
1
 10
11.209458
 20
2.786424
 30
0.0
  0
SPLINE
  5
1b2
100
AcDbEntity
  8
Page_1
 62
7
100
AcDbSpline
 70
8
 71
3
 72
8
 73
4
 74
0
 40
0
 40
0
 40
0
 40
0
 40
1
 40
1
 40
1
 40
1
 10
9.267199
 20
3.023965
 30
0.0
 10
9.298727
 20
3.024131
 30
0.0
 10
9.324143
 20
3.049826
 30
0.0
 10
9.323977
 20
3.081353
 30
0.0
  0
SPLINE
  5
1b3
100
AcDbEntity
  8
Page_1
 62
7
100
AcDbSpline
 70
8
 71
3
 72
8
 73
4
 74
0
 40
0
 40
0
 40
0
 40
0
 40
1
 40
1
 40
1
 40
1
 10
9.323977
 20
3.081353
 30
0.0
 10
9.323810
 20
3.112881
 30
0.0
 10
9.298116
 20
3.138312
 30
0.0
 10
9.266588
 20
3.138131
 30
0.0
  0
SPLINE
  5
1b4
100
AcDbEntity
  8
Page_1
 62
7
100
AcDbSpline
 70
8
 71
3
 72
8
 73
4
 74
0
 40
0
 40
0
 40
0
 40
0
 40
1
 40
1
 40
1
 40
1
 10
9.266588
 20
3.138131
 30
0.0
 10
9.235060
 20
3.137964
 30
0.0
 10
9.209630
 20
3.112270
 30
0.0
 10
9.209810
 20
3.080742
 30
0.0
  0
SPLINE
  5
1b5
100
AcDbEntity
  8
Page_1
 62
7
100
AcDbSpline
 70
8
 71
3
 72
8
 73
4
 74
0
 40
0
 40
0
 40
0
 40
0
 40
1
 40
1
 40
1
 40
1
 10
9.209810
 20
3.080742
 30
0.0
 10
9.209977
 20
3.049215
 30
0.0
 10
9.235671
 20
3.023798
 30
0.0
 10
9.267199
 20
3.023965
 30
0.0
  0
LWPOLYLINE
  5
1b6
100
AcDbEntity
  8
Page_1
 62
7
100
AcDbPolyline
 90
1
 70
1
 10
10.133322
 20
3.028645
 30
0.0
  0
LWPOLYLINE
  5
1b7
100
AcDbEntity
  8
Page_1
 62
7
100
AcDbPolyline
 90
1
 70
1
 10
9.267199
 20
3.023965
 30
0.0
  0
SPLINE
  5
1b8
100
AcDbEntity
  8
Page_1
 62
7
100
AcDbSpline
 70
8
 71
3
 72
8
 73
4
 74
0
 40
0
 40
0
 40
0
 40
0
 40
1
 40
1
 40
1
 40
1
 10
10.979514
 20
1.342186
 30
0.0
 10
10.906056
 20
1.341783
 30
0.0
 10
10.846834
 20
1.281922
 30
0.0
 10
10.847237
 20
1.208464
 30
0.0
  0
SPLINE
  5
1b9
100
AcDbEntity
  8
Page_1
 62
7
100
AcDbSpline
 70
8
 71
3
 72
8
 73
4
 74
0
 40
0
 40
0
 40
0
 40
0
 40
1
 40
1
 40
1
 40
1
 10
10.847237
 20
1.208464
 30
0.0
 10
10.847640
 20
1.135019
 30
0.0
 10
10.907501
 20
1.075797
 30
0.0
 10
10.980959
 20
1.076186
 30
0.0
  0
LWPOLYLINE
  5
1ba
100
AcDbEntity
  8
Page_1
 62
7
100
AcDbPolyline
 90
2
 70
0
 10
11.105958
 20
1.076865
 30
0.0
 10
10.980959
 20
1.076185
 30
0.0
  0
SPLINE
  5
1bb
100
AcDbEntity
  8
Page_1
 62
7
100
AcDbSpline
 70
8
 71
3
 72
8
 73
4
 74
0
 40
0
 40
0
 40
0
 40
0
 40
1
 40
1
 40
1
 40
1
 10
11.105958
 20
1.076865
 30
0.0
 10
11.179416
 20
1.077268
 30
0.0
 10
11.238639
 20
1.137129
 30
0.0
 10
11.238236
 20
1.210587
 30
0.0
  0
SPLINE
  5
1bc
100
AcDbEntity
  8
Page_1
 62
7
100
AcDbSpline
 70
8
 71
3
 72
8
 73
4
 74
0
 40
0
 40
0
 40
0
 40
0
 40
1
 40
1
 40
1
 40
1
 10
11.238236
 20
1.210587
 30
0.0
 10
11.237833
 20
1.284032
 30
0.0
 10
11.177972
 20
1.343254
 30
0.0
 10
11.104514
 20
1.342865
 30
0.0
  0
LWPOLYLINE
  5
1bd
100
AcDbEntity
  8
Page_1
 62
7
100
AcDbPolyline
 90
2
 70
0
 10
10.979514
 20
1.342186
 30
0.0
 10
11.104514
 20
1.342866
 30
0.0
  0
SPLINE
  5
1be
100
AcDbEntity
  8
Page_1
 62
7
100
AcDbSpline
 70
8
 71
3
 72
8
 73
4
 74
0
 40
0
 40
0
 40
0
 40
0
 40
1
 40
1
 40
1
 40
1
 10
9.479546
 20
1.334077
 30
0.0
 10
9.406088
 20
1.333674
 30
0.0
 10
9.346866
 20
1.273813
 30
0.0
 10
9.347268
 20
1.200355
 30
0.0
  0
SPLINE
  5
1bf
100
AcDbEntity
  8
Page_1
 62
7
100
AcDbSpline
 70
8
 71
3
 72
8
 73
4
 74
0
 40
0
 40
0
 40
0
 40
0
 40
1
 40
1
 40
1
 40
1
 10
9.347268
 20
1.200355
 30
0.0
 10
9.347657
 20
1.126911
 30
0.0
 10
9.407532
 20
1.067689
 30
0.0
 10
9.480990
 20
1.068078
 30
0.0
  0
LWPOLYLINE
  5
1c0
100
AcDbEntity
  8
Page_1
 62
7
100
AcDbPolyline
 90
2
 70
0
 10
9.605976
 20
1.068757
 30
0.0
 10
9.480976
 20
1.068076
 30
0.0
  0
SPLINE
  5
1c1
100
AcDbEntity
  8
Page_1
 62
7
100
AcDbSpline
 70
8
 71
3
 72
8
 73
4
 74
0
 40
0
 40
0
 40
0
 40
0
 40
1
 40
1
 40
1
 40
1
 10
9.605976
 20
1.068757
 30
0.0
 10
9.679434
 20
1.069160
 30
0.0
 10
9.738656
 20
1.129021
 30
0.0
 10
9.738253
 20
1.202479
 30
0.0
  0
SPLINE
  5
1c2
100
AcDbEntity
  8
Page_1
 62
7
100
AcDbSpline
 70
8
 71
3
 72
8
 73
4
 74
0
 40
0
 40
0
 40
0
 40
0
 40
1
 40
1
 40
1
 40
1
 10
9.738253
 20
1.202479
 30
0.0
 10
9.737851
 20
1.275923
 30
0.0
 10
9.677990
 20
1.335145
 30
0.0
 10
9.604532
 20
1.334756
 30
0.0
  0
LWPOLYLINE
  5
1c3
100
AcDbEntity
  8
Page_1
 62
7
100
AcDbPolyline
 90
2
 70
0
 10
9.479546
 20
1.334077
 30
0.0
 10
9.604545
 20
1.334758
 30
0.0
  0
SPLINE
  5
1c4
100
AcDbEntity
  8
Page_1
 62
7
100
AcDbSpline
 70
8
 71
3
 72
8
 73
4
 74
0
 40
0
 40
0
 40
0
 40
0
 40
1
 40
1
 40
1
 40
1
 10
11.289277
 20
3.833435
 30
0.0
 10
11.269750
 20
3.880199
 30
0.0
 10
11.223930
 20
3.910532
 30
0.0
 10
11.173250
 20
3.910268
 30
0.0
  0
LWPOLYLINE
  5
1c5
100
AcDbEntity
  8
Page_1
 62
7
100
AcDbPolyline
 90
2
 70
0
 10
11.515346
 20
3.292103
 30
0.0
 10
11.289277
 20
3.833435
 30
0.0
  0
SPLINE
  5
1c6
100
AcDbEntity
  8
Page_1
 62
7
100
AcDbSpline
 70
8
 71
3
 72
8
 73
4
 74
0
 40
0
 40
0
 40
0
 40
0
 40
1
 40
1
 40
1
 40
1
 10
9.078172
 20
3.898935
 30
0.0
 10
9.009130
 20
3.898560
 30
0.0
 10
8.953478
 20
3.842296
 30
0.0
 10
8.953853
 20
3.773268
 30
0.0
  0
LWPOLYLINE
  5
1c7
100
AcDbEntity
  8
Page_1
 62
7
100
AcDbPolyline
 90
2
 70
0
 10
11.173250
 20
3.910268
 30
0.0
 10
9.078172
 20
3.898949
 30
0.0
  0
SPLINE
  5
1c8
100
AcDbEntity
  8
Page_1
 62
7
100
AcDbSpline
 70
8
 71
3
 72
8
 73
4
 74
0
 40
0
 40
0
 40
0
 40
0
 40
1
 40
1
 40
1
 40
1
 10
8.957450
 20
3.107020
 30
0.0
 10
8.957825
 20
3.037992
 30
0.0
 10
9.014089
 20
2.982326
 30
0.0
 10
9.083130
 20
2.982701
 30
0.0
  0
LWPOLYLINE
  5
1c9
100
AcDbEntity
  8
Page_1
 62
7
100
AcDbPolyline
 90
2
 70
0
 10
8.957450
 20
3.107020
 30
0.0
 10
8.953853
 20
3.773254
 30
0.0
  0
SPLINE
  5
1ca
100
AcDbEntity
  8
Page_1
 62
7
100
AcDbSpline
 70
8
 71
3
 72
8
 73
4
 74
0
 40
0
 40
0
 40
0
 40
0
 40
1
 40
1
 40
1
 40
1
 10
11.108764
 20
2.868646
 30
0.0
 10
11.108389
 20
2.937673
 30
0.0
 10
11.052125
 20
2.993340
 30
0.0
 10
10.983098
 20
2.992965
 30
0.0
  0
LWPOLYLINE
  5
1cb
100
AcDbEntity
  8
Page_1
 62
7
100
AcDbPolyline
 90
2
 70
0
 10
10.983098
 20
2.992979
 30
0.0
 10
9.083130
 20
2.982715
 30
0.0
  0
SPLINE
  5
1cc
100
AcDbEntity
  8
Page_1
 62
7
100
AcDbSpline
 70
8
 71
3
 72
8
 73
4
 74
0
 40
0
 40
0
 40
0
 40
0
 40
1
 40
1
 40
1
 40
1
 10
10.989403
 20
1.825495
 30
0.0
 10
11.058445
 20
1.825870
 30
0.0
 10
11.114097
 20
1.882134
 30
0.0
 10
11.113722
 20
1.951176
 30
0.0
  0
LWPOLYLINE
  5
1cd
100
AcDbEntity
  8
Page_1
 62
7
100
AcDbPolyline
 90
2
 70
0
 10
11.113736
 20
1.951162
 30
0.0
 10
11.108778
 20
2.868646
 30
0.0
  0
SPLINE
  5
1ce
100
AcDbEntity
  8
Page_1
 62
7
100
AcDbSpline
 70
8
 71
3
 72
8
 73
4
 74
0
 40
0
 40
0
 40
0
 40
0
 40
1
 40
1
 40
1
 40
1
 10
9.089436
 20
1.815218
 30
0.0
 10
9.020394
 20
1.814843
 30
0.0
 10
8.964741
 20
1.758579
 30
0.0
 10
8.965116
 20
1.689537
 30
0.0
  0
LWPOLYLINE
  5
1cf
100
AcDbEntity
  8
Page_1
 62
7
100
AcDbPolyline
 90
2
 70
0
 10
9.089436
 20
1.815218
 30
0.0
 10
10.989403
 20
1.825482
 30
0.0
  0
SPLINE
  5
1d0
100
AcDbEntity
  8
Page_1
 62
7
100
AcDbSpline
 70
8
 71
3
 72
8
 73
4
 74
0
 40
0
 40
0
 40
0
 40
0
 40
1
 40
1
 40
1
 40
1
 10
8.968714
 20
1.023311
 30
0.0
 10
8.969089
 20
0.954284
 30
0.0
 10
9.025352
 20
0.898617
 30
0.0
 10
9.094394
 20
0.898992
 30
0.0
  0
LWPOLYLINE
  5
1d1
100
AcDbEntity
  8
Page_1
 62
7
100
AcDbPolyline
 90
2
 70
0
 10
8.968714
 20
1.023311
 30
0.0
 10
8.965116
 20
1.689546
 30
0.0
  0
SPLINE
  5
1d2
100
AcDbEntity
  8
Page_1
 62
7
100
AcDbSpline
 70
8
 71
3
 72
8
 73
4
 74
0
 40
0
 40
0
 40
0
 40
0
 40
1
 40
1
 40
1
 40
1
 10
11.189472
 20
0.910314
 30
0.0
 10
11.240139
 20
0.910592
 30
0.0
 10
11.285638
 20
0.941425
 30
0.0
 10
11.304652
 20
0.988398
 30
0.0
  0
LWPOLYLINE
  5
1d3
100
AcDbEntity
  8
Page_1
 62
7
100
AcDbPolyline
 90
2
 70
0
 10
9.094394
 20
0.898989
 30
0.0
 10
11.189472
 20
0.910309
 30
0.0
  0
LWPOLYLINE
  5
1d4
100
AcDbEntity
  8
Page_1
 62
7
100
AcDbPolyline
 90
2
 70
0
 10
11.524860
 20
1.532135
 30
0.0
 10
11.304652
 20
0.988386
 30
0.0
  0
LWPOLYLINE
  5
1d5
100
AcDbEntity
  8
Page_1
 62
7
100
AcDbPolyline
 90
2
 70
0
 10
11.515346
 20
3.292103
 30
0.0
 10
11.524860
 20
1.532135
 30
0.0
  0
SPLINE
  5
1d6
100
AcDbEntity
  8
Page_1
 62
7
100
AcDbSpline
 70
8
 71
3
 72
8
 73
4
 74
0
 40
0
 40
0
 40
0
 40
0
 40
1
 40
1
 40
1
 40
1
 10
3.559366
 20
5.831041
 30
0.0
 10
3.544783
 20
5.831041
 30
0.0
 10
3.530311
 20
5.828485
 30
0.0
 10
3.516616
 20
5.823499
 30
0.0
  0
LWPOLYLINE
  5
1d7
100
AcDbEntity
  8
Page_1
 62
7
100
AcDbPolyline
 90
2
 70
0
 10
4.616933
 20
5.831041
 30
0.0
 10
3.559366
 20
5.831041
 30
0.0
  0
SPLINE
  5
1d8
100
AcDbEntity
  8
Page_1
 62
7
100
AcDbSpline
 70
8
 71
3
 72
8
 73
4
 74
0
 40
0
 40
0
 40
0
 40
0
 40
1
 40
1
 40
1
 40
1
 10
2.350480
 20
5.399070
 30
0.0
 10
2.285605
 20
5.375459
 30
0.0
 10
2.252161
 20
5.303723
 30
0.0
 10
2.275772
 20
5.238862
 30
0.0
  0
LWPOLYLINE
  5
1d9
100
AcDbEntity
  8
Page_1
 62
7
100
AcDbPolyline
 90
2
 70
0
 10
2.350480
 20
5.399070
 30
0.0
 10
3.516602
 20
5.823499
 30
0.0
  0
SPLINE
  5
1da
100
AcDbEntity
  8
Page_1
 62
7
100
AcDbSpline
 70
8
 71
3
 72
8
 73
4
 74
0
 40
0
 40
0
 40
0
 40
0
 40
1
 40
1
 40
1
 40
1
 10
2.528508
 20
4.544475
 30
0.0
 10
2.550410
 20
4.484308
 30
0.0
 10
2.614230
 20
4.450419
 30
0.0
 10
2.676341
 20
4.465975
 30
0.0
  0
SPLINE
  5
1db
100
AcDbEntity
  8
Page_1
 62
7
100
AcDbSpline
 70
8
 71
3
 72
8
 73
4
 74
0
 40
0
 40
0
 40
0
 40
0
 40
1
 40
1
 40
1
 40
1
 10
3.581797
 20
3.937073
 30
0.0
 10
3.473852
 20
4.330128
 30
0.0
 10
3.071742
 20
4.565016
 30
0.0
 10
2.676341
 20
4.465975
 30
0.0
  0
SPLINE
  5
1dc
100
AcDbEntity
  8
Page_1
 62
7
100
AcDbSpline
 70
8
 71
3
 72
8
 73
4
 74
0
 40
0
 40
0
 40
0
 40
0
 40
1
 40
1
 40
1
 40
1
 10
3.616935
 20
3.676421
 30
0.0
 10
3.616935
 20
3.764491
 30
0.0
 10
3.605116
 20
3.852157
 30
0.0
 10
3.581797
 20
3.937073
 30
0.0
  0
LWPOLYLINE
  5
1dd
100
AcDbEntity
  8
Page_1
 62
7
100
AcDbPolyline
 90
2
 70
0
 10
2.528508
 20
4.544475
 30
0.0
 10
2.275772
 20
5.238862
 30
0.0
  0
SPLINE
  5
1de
100
AcDbEntity
  8
Page_1
 62
7
100
AcDbSpline
 70
8
 71
3
 72
8
 73
4
 74
0
 40
0
 40
0
 40
0
 40
0
 40
1
 40
1
 40
1
 40
1
 10
5.616930
 20
4.831043
 30
0.0
 10
5.616930
 20
5.383320
 30
0.0
 10
5.169209
 20
5.831041
 30
0.0
 10
4.616933
 20
5.831041
 30
0.0
  0
SPLINE
  5
1df
100
AcDbEntity
  8
Page_1
 62
7
100
AcDbSpline
 70
8
 71
3
 72
8
 73
4
 74
0
 40
0
 40
0
 40
0
 40
0
 40
1
 40
1
 40
1
 40
1
 10
3.999934
 20
0.581057
 30
0.0
 10
3.999934
 20
0.654515
 30
0.0
 10
3.940393
 20
0.714057
 30
0.0
 10
3.866935
 20
0.714057
 30
0.0
  0
SPLINE
  5
1e0
100
AcDbEntity
  8
Page_1
 62
7
100
AcDbSpline
 70
8
 71
3
 72
8
 73
4
 74
0
 40
0
 40
0
 40
0
 40
0
 40
1
 40
1
 40
1
 40
1
 10
3.866935
 20
0.714057
 30
0.0
 10
3.793477
 20
0.714057
 30
0.0
 10
3.733935
 20
0.654515
 30
0.0
 10
3.733935
 20
0.581057
 30
0.0
  0
SPLINE
  5
1e1
100
AcDbEntity
  8
Page_1
 62
7
100
AcDbSpline
 70
8
 71
3
 72
8
 73
4
 74
0
 40
0
 40
0
 40
0
 40
0
 40
1
 40
1
 40
1
 40
1
 10
3.733935
 20
0.581057
 30
0.0
 10
3.733935
 20
0.507599
 30
0.0
 10
3.793477
 20
0.448057
 30
0.0
 10
3.866935
 20
0.448057
 30
0.0
  0
SPLINE
  5
1e2
100
AcDbEntity
  8
Page_1
 62
7
100
AcDbSpline
 70
8
 71
3
 72
8
 73
4
 74
0
 40
0
 40
0
 40
0
 40
0
 40
1
 40
1
 40
1
 40
1
 10
3.866935
 20
0.448057
 30
0.0
 10
3.940393
 20
0.448057
 30
0.0
 10
3.999934
 20
0.507599
 30
0.0
 10
3.999934
 20
0.581057
 30
0.0
  0
LWPOLYLINE
  5
1e3
100
AcDbEntity
  8
Page_1
 62
7
100
AcDbPolyline
 90
4
 70
0
 10
3.616935
 20
3.676421
 30
0.0
 10
3.616935
 20
0.331069
 30
0.0
 10
5.616930
 20
0.331058
 30
0.0
 10
5.616930
 20
4.831046
 30
0.0
  0
SPLINE
  5
1e4
100
AcDbEntity
  8
Page_1
 62
7
100
AcDbSpline
 70
8
 71
3
 72
8
 73
4
 74
0
 40
0
 40
0
 40
0
 40
0
 40
1
 40
1
 40
1
 40
1
 10
5.499931
 20
0.581057
 30
0.0
 10
5.499931
 20
0.654515
 30
0.0
 10
5.440389
 20
0.714057
 30
0.0
 10
5.366931
 20
0.714057
 30
0.0
  0
SPLINE
  5
1e5
100
AcDbEntity
  8
Page_1
 62
7
100
AcDbSpline
 70
8
 71
3
 72
8
 73
4
 74
0
 40
0
 40
0
 40
0
 40
0
 40
1
 40
1
 40
1
 40
1
 10
5.366931
 20
0.714057
 30
0.0
 10
5.293473
 20
0.714057
 30
0.0
 10
5.233931
 20
0.654515
 30
0.0
 10
5.233931
 20
0.581057
 30
0.0
  0
SPLINE
  5
1e6
100
AcDbEntity
  8
Page_1
 62
7
100
AcDbSpline
 70
8
 71
3
 72
8
 73
4
 74
0
 40
0
 40
0
 40
0
 40
0
 40
1
 40
1
 40
1
 40
1
 10
5.233931
 20
0.581057
 30
0.0
 10
5.233931
 20
0.507599
 30
0.0
 10
5.293473
 20
0.448057
 30
0.0
 10
5.366931
 20
0.448057
 30
0.0
  0
SPLINE
  5
1e7
100
AcDbEntity
  8
Page_1
 62
7
100
AcDbSpline
 70
8
 71
3
 72
8
 73
4
 74
0
 40
0
 40
0
 40
0
 40
0
 40
1
 40
1
 40
1
 40
1
 10
5.366931
 20
0.448057
 30
0.0
 10
5.440389
 20
0.448057
 30
0.0
 10
5.499931
 20
0.507599
 30
0.0
 10
5.499931
 20
0.581057
 30
0.0
  0
LWPOLYLINE
  5
1e8
100
AcDbEntity
  8
Page_1
 62
7
100
AcDbPolyline
 90
1
 70
1
 10
3.999934
 20
0.581057
 30
0.0
  0
SPLINE
  5
1e9
100
AcDbEntity
  8
Page_1
 62
7
100
AcDbSpline
 70
8
 71
3
 72
8
 73
4
 74
0
 40
0
 40
0
 40
0
 40
0
 40
1
 40
1
 40
1
 40
1
 10
4.749933
 20
1.081056
 30
0.0
 10
4.749933
 20
1.154514
 30
0.0
 10
4.690391
 20
1.214055
 30
0.0
 10
4.616933
 20
1.214055
 30
0.0
  0
SPLINE
  5
1ea
100
AcDbEntity
  8
Page_1
 62
7
100
AcDbSpline
 70
8
 71
3
 72
8
 73
4
 74
0
 40
0
 40
0
 40
0
 40
0
 40
1
 40
1
 40
1
 40
1
 10
4.616933
 20
1.214055
 30
0.0
 10
4.543475
 20
1.214055
 30
0.0
 10
4.483933
 20
1.154514
 30
0.0
 10
4.483933
 20
1.081056
 30
0.0
  0
SPLINE
  5
1eb
100
AcDbEntity
  8
Page_1
 62
7
100
AcDbSpline
 70
8
 71
3
 72
8
 73
4
 74
0
 40
0
 40
0
 40
0
 40
0
 40
1
 40
1
 40
1
 40
1
 10
4.483933
 20
1.081056
 30
0.0
 10
4.483933
 20
1.007597
 30
0.0
 10
4.543475
 20
0.948056
 30
0.0
 10
4.616933
 20
0.948056
 30
0.0
  0
SPLINE
  5
1ec
100
AcDbEntity
  8
Page_1
 62
7
100
AcDbSpline
 70
8
 71
3
 72
8
 73
4
 74
0
 40
0
 40
0
 40
0
 40
0
 40
1
 40
1
 40
1
 40
1
 10
4.616933
 20
0.948056
 30
0.0
 10
4.690391
 20
0.948056
 30
0.0
 10
4.749933
 20
1.007597
 30
0.0
 10
4.749933
 20
1.081056
 30
0.0
  0
LWPOLYLINE
  5
1ed
100
AcDbEntity
  8
Page_1
 62
7
100
AcDbPolyline
 90
1
 70
1
 10
5.499931
 20
0.581057
 30
0.0
  0
SPLINE
  5
1ee
100
AcDbEntity
  8
Page_1
 62
7
100
AcDbSpline
 70
8
 71
3
 72
8
 73
4
 74
0
 40
0
 40
0
 40
0
 40
0
 40
1
 40
1
 40
1
 40
1
 10
5.179431
 20
4.831043
 30
0.0
 10
5.179431
 20
5.141709
 30
0.0
 10
4.927599
 20
5.393542
 30
0.0
 10
4.616933
 20
5.393542
 30
0.0
  0
SPLINE
  5
1ef
100
AcDbEntity
  8
Page_1
 62
7
100
AcDbSpline
 70
8
 71
3
 72
8
 73
4
 74
0
 40
0
 40
0
 40
0
 40
0
 40
1
 40
1
 40
1
 40
1
 10
4.616933
 20
5.393542
 30
0.0
 10
4.306267
 20
5.393542
 30
0.0
 10
4.054434
 20
5.141709
 30
0.0
 10
4.054434
 20
4.831043
 30
0.0
  0
SPLINE
  5
1f0
100
AcDbEntity
  8
Page_1
 62
7
100
AcDbSpline
 70
8
 71
3
 72
8
 73
4
 74
0
 40
0
 40
0
 40
0
 40
0
 40
1
 40
1
 40
1
 40
1
 10
4.054434
 20
4.831043
 30
0.0
 10
4.054434
 20
4.520378
 30
0.0
 10
4.306267
 20
4.268545
 30
0.0
 10
4.616933
 20
4.268545
 30
0.0
  0
SPLINE
  5
1f1
100
AcDbEntity
  8
Page_1
 62
7
100
AcDbSpline
 70
8
 71
3
 72
8
 73
4
 74
0
 40
0
 40
0
 40
0
 40
0
 40
1
 40
1
 40
1
 40
1
 10
4.616933
 20
4.268545
 30
0.0
 10
4.927599
 20
4.268545
 30
0.0
 10
5.179431
 20
4.520378
 30
0.0
 10
5.179431
 20
4.831043
 30
0.0
  0
LWPOLYLINE
  5
1f2
100
AcDbEntity
  8
Page_1
 62
7
100
AcDbPolyline
 90
1
 70
1
 10
4.749933
 20
1.081056
 30
0.0
  0
LWPOLYLINE
  5
1f3
100
AcDbEntity
  8
Page_1
 62
7
100
AcDbPolyline
 90
1
 70
1
 10
5.179431
 20
4.831043
 30
0.0
  0
ENDSEC
  0
SECTION
  2
OBJECTS
  0
DICTIONARY
  5
C
330
0
100
AcDbDictionary
  3
ACAD_GROUP
350
D
  3
ACAD_MLINESTYLE
350
17
  0
DICTIONARY
  5
D
330
C
100
AcDbDictionary
  0
DICTIONARY
  5
1A
330
C
100
AcDbDictionary
  0
DICTIONARY
  5
17
330
C
100
AcDbDictionary
  3
STANDARD
350
18
  0
DICTIONARY
  5
19
330
C
100
AcDbDictionary
  0
ENDSEC
  0
EOF
